company,base_date,target_date,horizon,true_label,pred_label,proba_down,proba_flat,proba_up,proba_dir,proba_margin,operable,is_correct
Alphabet Inc.,2021-07-30,2021-08-02,1,flat,flat,0.3184004191955594,0.4101599898251288,0.27143959097931153,0.3184004191955594,-0.09175957062956941,False,True
Alphabet Inc.,2021-08-02,2021-08-03,1,flat,up,0.2111879684664013,0.3464663682987651,0.4423456632348337,0.4423456632348337,0.09587929493606862,True,False
Alphabet Inc.,2021-08-03,2021-08-04,1,flat,up,0.24375185496731866,0.3233218699137793,0.432926275118902,0.432926275118902,0.10960440520512271,True,False
Alphabet Inc.,2021-08-04,2021-08-05,1,flat,up,0.21018597519016055,0.3060983550637048,0.4837156697461348,0.4837156697461348,0.17761731468242997,True,False
Alphabet Inc.,2021-08-05,2021-08-06,1,flat,up,0.2290966551434283,0.3226078028097198,0.44829554204685196,0.44829554204685196,0.12568773923713217,True,False
Alphabet Inc.,2021-08-06,2021-08-09,1,flat,up,0.25915213948727145,0.3594934611669123,0.38135439934581605,0.38135439934581605,0.021860938178903777,True,False
Alphabet Inc.,2021-08-09,2021-08-10,1,flat,up,0.20239210199725688,0.3209786686489673,0.4766292293537761,0.4766292293537761,0.15565056070480882,True,False
Alphabet Inc.,2021-08-10,2021-08-11,1,flat,up,0.18678884224316994,0.34373272357237306,0.46947843418445717,0.46947843418445717,0.12574571061208412,True,False
Alphabet Inc.,2021-08-11,2021-08-12,1,flat,flat,0.29646339759701795,0.40511068369312564,0.298425918709856,0.298425918709856,-0.10668476498326962,False,True
Alphabet Inc.,2021-08-12,2021-08-13,1,flat,flat,0.31763284459166924,0.36664536563938016,0.31572178976895054,0.31763284459166924,-0.04901252104771092,False,True
Alphabet Inc.,2021-08-13,2021-08-16,1,flat,up,0.20617956245238228,0.3801232728735322,0.41369716467408546,0.41369716467408546,0.03357389180055326,True,False
Alphabet Inc.,2021-08-16,2021-08-17,1,flat,flat,0.24618968131033223,0.40110927644176064,0.35270104224790694,0.35270104224790694,-0.048408234193853705,False,True
Alphabet Inc.,2021-08-17,2021-08-18,1,flat,flat,0.2250670131876174,0.39569178840311825,0.37924119840926407,0.37924119840926407,-0.01645058999385418,False,True
Alphabet Inc.,2021-08-18,2021-08-19,1,flat,up,0.2989118707229387,0.33577175260698167,0.3653163766700797,0.3653163766700797,0.029544624063098046,True,False
Alphabet Inc.,2021-08-19,2021-08-20,1,up,up,0.25034916734853996,0.34613625409597853,0.4035145785554811,0.4035145785554811,0.05737832445950258,True,True
Alphabet Inc.,2021-08-20,2021-08-23,1,up,up,0.1201331467857294,0.20965169131716963,0.6702151618971013,0.6702151618971013,0.46056347057993163,True,True
Alphabet Inc.,2021-08-23,2021-08-24,1,up,up,0.10020231369283074,0.27579309638523697,0.6240045899219326,0.6240045899219326,0.34821149353669567,True,True
Alphabet Inc.,2021-08-24,2021-08-25,1,flat,up,0.19222819702593072,0.3526731319859041,0.45509867098816537,0.45509867098816537,0.10242553900226126,True,False
Alphabet Inc.,2021-08-25,2021-08-26,1,flat,flat,0.23110904376621327,0.39311425576768305,0.37577670046610356,0.37577670046610356,-0.017337555301579488,False,True
Alphabet Inc.,2021-08-26,2021-08-27,1,flat,flat,0.26929098995567713,0.4756952989872735,0.2550137110570492,0.26929098995567713,-0.20640430903159634,False,True
Alphabet Inc.,2021-08-27,2021-08-30,1,up,up,0.1879307149506777,0.3849121166959938,0.42715716835332834,0.42715716835332834,0.042245051657334554,True,True
Alphabet Inc.,2021-08-30,2021-08-31,1,flat,flat,0.150024540784932,0.4704441844940447,0.37953127472102327,0.37953127472102327,-0.09091290977302141,False,True
Alphabet Inc.,2021-08-31,2021-09-01,1,flat,flat,0.20196450508016278,0.4185508718492221,0.3794846230706149,0.3794846230706149,-0.03906624877860715,False,True
Alphabet Inc.,2021-09-01,2021-09-02,1,flat,flat,0.21559038279864362,0.4476968805139615,0.33671273668739465,0.33671273668739465,-0.11098414382656685,False,True
Alphabet Inc.,2021-09-02,2021-09-03,1,flat,flat,0.31531946657793397,0.4326394619219249,0.2520410715001409,0.31531946657793397,-0.1173199953439909,False,True
Alphabet Inc.,2021-09-03,2021-09-07,1,flat,flat,0.31982012440275265,0.3912045395499535,0.28897533604729364,0.31982012440275265,-0.07138441514720084,False,True
Alphabet Inc.,2021-09-07,2021-09-08,1,flat,up,0.15963525981628568,0.30831167210619426,0.5320530680775204,0.5320530680775204,0.22374139597132614,True,False
Alphabet Inc.,2021-09-08,2021-09-09,1,flat,up,0.2630665485617717,0.36762352018200956,0.3693099312562186,0.3693099312562186,0.0016864110742090266,True,False
Alphabet Inc.,2021-09-09,2021-09-10,1,down,up,0.27766493045685126,0.3510550794629176,0.371279990080231,0.371279990080231,0.020224910617313407,True,False
Alphabet Inc.,2021-09-10,2021-09-13,1,flat,flat,0.2749342103936725,0.36837361017044074,0.3566921794358866,0.3566921794358866,-0.011681430734554132,False,True
Alphabet Inc.,2021-09-13,2021-09-14,1,flat,up,0.27369080724243017,0.3475655817188259,0.37874361103874377,0.37874361103874377,0.031178029319917866,True,False
Alphabet Inc.,2021-09-14,2021-09-15,1,flat,up,0.1443978306936316,0.26737871990182965,0.5882234494045391,0.5882234494045391,0.3208447295027094,True,False
Alphabet Inc.,2021-09-15,2021-09-16,1,flat,up,0.14365989531541265,0.316418443800391,0.5399216608841965,0.5399216608841965,0.22350321708380544,True,False
Alphabet Inc.,2021-09-16,2021-09-17,1,down,up,0.15945742265210383,0.3172627322685702,0.523279845079326,0.523279845079326,0.2060171128107558,True,False
Alphabet Inc.,2021-09-17,2021-09-20,1,down,up,0.2921725924249071,0.3311923542051181,0.37663505336997466,0.37663505336997466,0.04544269916485655,True,False
Alphabet Inc.,2021-09-20,2021-09-21,1,flat,down,0.39774758872962424,0.33021616474521487,0.2720362465251607,0.39774758872962424,0.06753142398440937,True,False
Alphabet Inc.,2021-09-21,2021-09-22,1,flat,up,0.12077490686953687,0.2744206168710249,0.6048044762594383,0.6048044762594383,0.3303838593884134,True,False
Alphabet Inc.,2021-09-22,2021-09-23,1,flat,up,0.13545671230800183,0.2538727271835419,0.6106705605084565,0.6106705605084565,0.35679783332491455,True,False
Alphabet Inc.,2021-09-23,2021-09-24,1,flat,up,0.13078147130478626,0.26573590441331474,0.6034826242818991,0.6034826242818991,0.3377467198685844,True,False
Alphabet Inc.,2021-09-24,2021-09-27,1,flat,up,0.2430789859978113,0.32240829568088347,0.43451271832130495,0.43451271832130495,0.11210442264042147,True,False
Alphabet Inc.,2021-09-27,2021-09-28,1,down,up,0.25998402247120356,0.36807092361886184,0.3719450539099344,0.3719450539099344,0.0038741302910725306,True,False
Alphabet Inc.,2021-09-28,2021-09-29,1,down,down,0.41796333954763226,0.3310257681083007,0.2510108923440667,0.41796333954763226,0.08693757143933156,True,True
Alphabet Inc.,2021-09-29,2021-09-30,1,down,up,0.24961973405836685,0.3524322905043147,0.3979479754373182,0.3979479754373182,0.04551568493300351,True,False
Alphabet Inc.,2021-09-30,2021-10-01,1,flat,up,0.25132248918710454,0.3361879609764243,0.4124895498364709,0.4124895498364709,0.07630158886004662,True,False
Alphabet Inc.,2021-10-01,2021-10-04,1,flat,up,0.11849189803742385,0.2872238137821588,0.5942842881804172,0.5942842881804172,0.30706047439825845,True,False
Alphabet Inc.,2021-10-04,2021-10-05,1,flat,up,0.21310071426353916,0.32964373429876764,0.457255551437693,0.457255551437693,0.12761181713892533,True,False
Alphabet Inc.,2021-10-05,2021-10-06,1,flat,up,0.12593448285817627,0.2728085148544484,0.6012570022873752,0.6012570022873752,0.3284484874329268,True,False
Alphabet Inc.,2021-10-06,2021-10-07,1,up,up,0.1901941635356411,0.28208251345249563,0.5277233230118634,0.5277233230118634,0.2456408095593678,True,True
Alphabet Inc.,2021-10-07,2021-10-08,1,flat,up,0.13121315119069607,0.3750012169028548,0.493785631906449,0.493785631906449,0.11878441500359416,True,False
Alphabet Inc.,2021-10-08,2021-10-11,1,flat,flat,0.18383944056400958,0.4364317999414269,0.3797287594945633,0.3797287594945633,-0.056703040446863584,False,True
Alphabet Inc.,2021-10-11,2021-10-12,1,down,flat,0.2804219815647022,0.48443807289705704,0.2351399455382404,0.2804219815647022,-0.20401609133235482,False,False
Alphabet Inc.,2021-10-12,2021-10-13,1,flat,flat,0.33737178464562523,0.37451373114465303,0.28811448420972163,0.33737178464562523,-0.0371419464990278,False,True
Alphabet Inc.,2021-10-13,2021-10-14,1,up,flat,0.26513069341929574,0.3804498838751415,0.3544194227055627,0.3544194227055627,-0.0260304611695788,False,False
Alphabet Inc.,2021-10-14,2021-10-15,1,flat,up,0.10258317900676511,0.3698296695941675,0.5275871513990674,0.5275871513990674,0.1577574818048999,True,False
Alphabet Inc.,2021-10-15,2021-10-18,1,flat,up,0.1440231838253535,0.3782625768714724,0.4777142393031742,0.4777142393031742,0.09945166243170178,True,False
Alphabet Inc.,2021-10-18,2021-10-19,1,flat,up,0.2618830965384316,0.36885491864212083,0.36926198481944755,0.36926198481944755,0.00040706617732672035,True,False
Alphabet Inc.,2021-10-19,2021-10-20,1,flat,flat,0.18883467262357623,0.42984598800547413,0.38131933937094953,0.38131933937094953,-0.048526648634524605,False,True
Alphabet Inc.,2021-10-20,2021-10-21,1,flat,flat,0.30952207087312567,0.45332277862471104,0.23715515050216313,0.30952207087312567,-0.14380070775158538,False,True
Alphabet Inc.,2021-10-21,2021-10-22,1,down,flat,0.36450170107212515,0.3854396452041899,0.2500586537236851,0.36450170107212515,-0.020937944132064734,False,False
Alphabet Inc.,2021-10-22,2021-10-25,1,flat,down,0.38775940655228547,0.38508798221209545,0.2271526112356188,0.38775940655228547,0.0026714243401900206,True,False
Alphabet Inc.,2021-10-25,2021-10-26,1,up,up,0.2800696765293802,0.33394526746767705,0.3859850560029428,0.3859850560029428,0.05203978853526575,True,True
Alphabet Inc.,2021-10-26,2021-10-27,1,up,up,0.12475369060776222,0.28825438356795957,0.5869919258242783,0.5869919258242783,0.2987375422563187,True,True
Alphabet Inc.,2021-10-27,2021-10-28,1,up,up,0.08160020606058191,0.27430353805333785,0.6440962558860802,0.6440962558860802,0.36979271783274237,True,True
Alphabet Inc.,2021-10-28,2021-10-29,1,flat,up,0.14282431466086135,0.42657885683826446,0.43059682850087394,0.43059682850087394,0.004017971662609476,True,False
Alphabet Inc.,2021-10-29,2021-11-01,1,flat,flat,0.2454879262736185,0.45699628900877276,0.2975157847176084,0.2975157847176084,-0.15948050429116434,False,True
Alphabet Inc.,2021-11-01,2021-11-02,1,flat,flat,0.3628043455653408,0.4641255683703508,0.17307008606430824,0.3628043455653408,-0.10132122280500999,False,True
Alphabet Inc.,2021-11-02,2021-11-03,1,flat,flat,0.3501833988669555,0.4329703314337867,0.2168462696992578,0.3501833988669555,-0.08278693256683123,False,True
Alphabet Inc.,2021-11-03,2021-11-04,1,up,flat,0.1884957423095422,0.4099233319908939,0.40158092569956405,0.40158092569956405,-0.008342406291329874,False,False
Alphabet Inc.,2021-11-04,2021-11-05,1,flat,up,0.12901155027322658,0.3883394947724709,0.4826489549543025,0.4826489549543025,0.09430946018183162,True,False
Alphabet Inc.,2021-11-05,2021-11-08,1,flat,up,0.19276248035686855,0.3891854022987913,0.4180521173443402,0.4180521173443402,0.02886671504554894,True,False
Alphabet Inc.,2021-11-08,2021-11-09,1,flat,flat,0.2850812598776733,0.37658066998669665,0.3383380701356299,0.3383380701356299,-0.03824259985106676,False,True
Alphabet Inc.,2021-11-09,2021-11-10,1,down,down,0.40296969990776654,0.39241760517682833,0.20461269491540504,0.40296969990776654,0.01055209473093821,True,True
Alphabet Inc.,2021-11-10,2021-11-11,1,flat,down,0.4165489942464051,0.3399807944082748,0.24347021134532004,0.4165489942464051,0.07656819983813035,True,False
Alphabet Inc.,2021-11-11,2021-11-12,1,flat,flat,0.2421757793413249,0.40438773974496106,0.3534364809137138,0.3534364809137138,-0.05095125883124724,False,True
Alphabet Inc.,2021-11-12,2021-11-15,1,flat,up,0.16841818141538173,0.3109155553380578,0.5206662632465606,0.5206662632465606,0.2097507079085028,True,False
Alphabet Inc.,2021-11-15,2021-11-16,1,flat,up,0.1739738425300582,0.29204346769024936,0.5339826897796928,0.5339826897796928,0.2419392220894434,True,False
Alphabet Inc.,2021-11-16,2021-11-17,1,flat,flat,0.3042053696006404,0.3723176524427133,0.32347697795664604,0.32347697795664604,-0.04884067448606727,False,True
Alphabet Inc.,2021-11-17,2021-11-18,1,flat,down,0.34869816375647955,0.34108283153899677,0.3102190047045237,0.34869816375647955,0.007615332217482784,True,False
Alphabet Inc.,2021-11-18,2021-11-19,1,flat,up,0.16198357917327158,0.3507667259882661,0.4872496948384622,0.4872496948384622,0.13648296885019612,True,False
Alphabet Inc.,2021-11-19,2021-11-22,1,down,up,0.19532957017861408,0.36495243300837554,0.4397179968130105,0.4397179968130105,0.07476556380463495,True,False
Alphabet Inc.,2021-11-22,2021-11-23,1,down,flat,0.3060963436570877,0.39878866413451997,0.2951149922083921,0.3060963436570877,-0.09269232047743226,False,False
Alphabet Inc.,2021-11-23,2021-11-24,1,flat,up,0.3350637871650483,0.3061137577401893,0.35882245509476257,0.35882245509476257,0.052708697354573286,True,False
Alphabet Inc.,2021-11-24,2021-11-26,1,down,up,0.22690165131497114,0.27847596030925054,0.4946223883757783,0.4946223883757783,0.21614642806652778,True,False
Alphabet Inc.,2021-11-26,2021-11-29,1,flat,up,0.292282214219145,0.2831894571466995,0.42452832863415535,0.42452832863415535,0.14133887148745583,True,False
Alphabet Inc.,2021-11-29,2021-11-30,1,flat,up,0.10695645070113542,0.2598911724644038,0.6331523768344608,0.6331523768344608,0.373261204370057,True,False
Alphabet Inc.,2021-11-30,2021-12-01,1,flat,up,0.2298885856605472,0.3294095965443215,0.4407018177951312,0.4407018177951312,0.11129222125080968,True,False
Alphabet Inc.,2021-12-01,2021-12-02,1,flat,up,0.23544989826508797,0.35865738624131716,0.4058927154935946,0.4058927154935946,0.04723532925227747,True,False
Alphabet Inc.,2021-12-02,2021-12-03,1,flat,up,0.25135259036154345,0.28805839249409027,0.46058901714436606,0.46058901714436606,0.1725306246502758,True,False
Alphabet Inc.,2021-12-03,2021-12-06,1,flat,up,0.13778698822989077,0.28152985994725643,0.5806831518228529,0.5806831518228529,0.29915329187559647,True,False
Alphabet Inc.,2021-12-06,2021-12-07,1,up,up,0.21994028043537697,0.33924472699588787,0.4408149925687349,0.4408149925687349,0.10157026557284704,True,True
Alphabet Inc.,2021-12-07,2021-12-08,1,flat,up,0.09353427160343918,0.3051533339196084,0.6013123944769523,0.6013123944769523,0.29615906055734387,True,False
Alphabet Inc.,2021-12-08,2021-12-09,1,flat,flat,0.17799544987838725,0.42848133654471704,0.39352321357689546,0.39352321357689546,-0.03495812296782158,False,True
Alphabet Inc.,2021-12-09,2021-12-10,1,flat,flat,0.26923736706842194,0.4563000698801562,0.2744625630514216,0.2744625630514216,-0.18183750682873462,False,True
Alphabet Inc.,2021-12-10,2021-12-13,1,flat,flat,0.2201360820279815,0.4516102866892243,0.32825363128279406,0.32825363128279406,-0.12335665540643026,False,True
Alphabet Inc.,2021-12-13,2021-12-14,1,down,flat,0.33032548024573527,0.3969499719044003,0.2727245478498641,0.33032548024573527,-0.06662449165866502,False,False
Alphabet Inc.,2021-12-14,2021-12-15,1,flat,down,0.3858876162545866,0.3539015132651325,0.2602108704802807,0.3858876162545866,0.031986102989454146,True,False
Alphabet Inc.,2021-12-15,2021-12-16,1,flat,up,0.12852325061956713,0.3131975341644528,0.5582792152159799,0.5582792152159799,0.2450816810515271,True,False
Alphabet Inc.,2021-12-16,2021-12-17,1,down,up,0.14864879456860985,0.3083614865089911,0.542989718922399,0.542989718922399,0.2346282324134079,True,False
Alphabet Inc.,2021-12-17,2021-12-20,1,flat,down,0.37081906408453447,0.34598669337411925,0.2831942425413461,0.37081906408453447,0.02483237071041522,True,False
Alphabet Inc.,2021-12-20,2021-12-21,1,flat,up,0.2810686264238389,0.29355221550656496,0.42537915806959614,0.42537915806959614,0.13182694256303118,True,False
Alphabet Inc.,2021-12-21,2021-12-22,1,up,up,0.1294583781714053,0.25618689315906956,0.6143547286695252,0.6143547286695252,0.35816783551045567,True,True
Alphabet Inc.,2021-12-22,2021-12-23,1,flat,up,0.13970223527287223,0.26430426756193515,0.5959934971651929,0.5959934971651929,0.33168922960325775,True,False
Alphabet Inc.,2021-12-23,2021-12-27,1,flat,up,0.17348381439380295,0.3504696700728889,0.476046515533308,0.476046515533308,0.12557684546041914,True,False
Alphabet Inc.,2021-12-27,2021-12-28,1,flat,flat,0.24042228703932755,0.4164944163203201,0.34308329664035214,0.34308329664035214,-0.07341111967996794,False,True
Alphabet Inc.,2021-12-28,2021-12-29,1,flat,flat,0.29410360586035206,0.43936936278134,0.2665270313583078,0.29410360586035206,-0.14526575692098792,False,True
Alphabet Inc.,2021-12-29,2021-12-30,1,flat,flat,0.3200045887831318,0.3566238344541884,0.3233715767626797,0.3233715767626797,-0.03325225769150869,False,True
Alphabet Inc.,2021-12-30,2021-12-31,1,flat,flat,0.24123415571481555,0.3877298159794871,0.37103602830569704,0.37103602830569704,-0.01669378767379004,False,True
Alphabet Inc.,2021-12-31,2022-01-03,1,flat,up,0.2556660950007679,0.34402959523489035,0.4003043097643415,0.4003043097643415,0.05627471452945115,True,False
Alphabet Inc.,2022-01-03,2022-01-04,1,flat,up,0.23653833556000517,0.3640937236137738,0.39936794082622085,0.39936794082622085,0.03527421721244706,True,False
Alphabet Inc.,2022-01-04,2022-01-05,1,down,up,0.1591006672627135,0.3008882585271983,0.5400110742100882,0.5400110742100882,0.2391228156828899,True,False
Alphabet Inc.,2022-01-05,2022-01-06,1,down,down,0.4128901644861767,0.32645058034102226,0.26065925517280086,0.4128901644861767,0.08643958414515446,True,True
Alphabet Inc.,2022-01-06,2022-01-07,1,flat,flat,0.3087852570493723,0.34842585348854693,0.3427888894620805,0.3427888894620805,-0.005636964026466407,False,True
Alphabet Inc.,2022-01-07,2022-01-10,1,flat,up,0.22522204465817208,0.2694118708314351,0.5053660845103929,0.5053660845103929,0.2359542136789578,True,False
Alphabet Inc.,2022-01-10,2022-01-11,1,up,up,0.2038293874868668,0.32569881100542464,0.4704718015077085,0.4704718015077085,0.14477299050228387,True,True
Alphabet Inc.,2022-01-11,2022-01-12,1,up,up,0.0964662782975862,0.29641236235638135,0.6071213593460323,0.6071213593460323,0.31070899698965093,True,True
Alphabet Inc.,2022-01-12,2022-01-13,1,flat,up,0.09517870251342038,0.29170432054439177,0.613116976942188,0.613116976942188,0.32141265639779626,True,False
Alphabet Inc.,2022-01-13,2022-01-14,1,down,flat,0.3076043797306319,0.4036625834794537,0.28873303678991424,0.3076043797306319,-0.09605820374882179,False,False
Alphabet Inc.,2022-01-14,2022-01-18,1,down,flat,0.34846080333073937,0.377587110014171,0.2739520866550893,0.34846080333073937,-0.029126306683431635,False,False
Alphabet Inc.,2022-01-18,2022-01-19,1,flat,flat,0.32862304876685966,0.3829109510941411,0.28846600013899903,0.32862304876685966,-0.05428790232728142,False,True
Alphabet Inc.,2022-01-19,2022-01-20,1,flat,up,0.18318557830719118,0.3471310136079284,0.4696834080848803,0.4696834080848803,0.12255239447695188,True,False
Alphabet Inc.,2022-01-20,2022-01-21,1,down,up,0.23654175603000532,0.34283122043972736,0.42062702353026715,0.42062702353026715,0.0777958030905398,True,False
Alphabet Inc.,2022-01-21,2022-01-24,1,down,flat,0.33598750484806333,0.34260713041981666,0.3214053647321199,0.33598750484806333,-0.006619625571753329,False,False
Alphabet Inc.,2022-01-24,2022-01-25,1,flat,down,0.3802240898037319,0.29345019177751097,0.32632571841875696,0.3802240898037319,0.08677389802622093,True,False
Alphabet Inc.,2022-01-25,2022-01-26,1,flat,up,0.16269418313523576,0.31703225954982633,0.5202735573149379,0.5202735573149379,0.20324129776511152,True,False
Alphabet Inc.,2022-01-26,2022-01-27,1,flat,up,0.10406398578525956,0.28124625397755043,0.61468976023719,0.61468976023719,0.3334435062596396,True,False
Alphabet Inc.,2022-01-27,2022-01-28,1,flat,up,0.13582151628595182,0.3220481379557415,0.5421303457583067,0.5421303457583067,0.22008220780256516,True,False
Alphabet Inc.,2022-01-28,2022-01-31,1,up,up,0.15247834768461843,0.2993994947183214,0.5481221575970603,0.5481221575970603,0.2487226628787389,True,True
Alphabet Inc.,2022-01-31,2022-02-01,1,up,up,0.12309622036866208,0.36427251015438106,0.5126312694769569,0.5126312694769569,0.14835875932257586,True,True
Alphabet Inc.,2022-02-01,2022-02-02,1,up,up,0.13640491517807535,0.36379705811313867,0.4997980267087861,0.4997980267087861,0.13600096859564742,True,True
Alphabet Inc.,2022-02-02,2022-02-03,1,down,up,0.05743767051232281,0.39170177547812257,0.5508605540095545,0.5508605540095545,0.1591587785314319,True,False
Alphabet Inc.,2022-02-03,2022-02-04,1,flat,flat,0.4330209123127221,0.503355579103474,0.06362350858380367,0.4330209123127221,-0.07033466679075184,False,True
Alphabet Inc.,2022-02-04,2022-02-07,1,flat,flat,0.35934432502102015,0.5620951507976687,0.0785605241813108,0.35934432502102015,-0.20275082577664855,False,True
Alphabet Inc.,2022-02-07,2022-02-08,1,flat,flat,0.349969437788818,0.5162308876317738,0.13379967457940806,0.349969437788818,-0.16626144984295582,False,True
Alphabet Inc.,2022-02-08,2022-02-09,1,flat,flat,0.3188131434166753,0.5100510315183548,0.17113582506496972,0.3188131434166753,-0.19123788810167952,False,True
Alphabet Inc.,2022-02-09,2022-02-10,1,flat,flat,0.11614647889961566,0.5518506152139044,0.33200290588647974,0.33200290588647974,-0.2198477093274247,False,True
Alphabet Inc.,2022-02-10,2022-02-11,1,down,flat,0.30164836496517833,0.408264515406564,0.2900871196282574,0.30164836496517833,-0.10661615044138567,False,False
Alphabet Inc.,2022-02-11,2022-02-14,1,flat,down,0.477925359612445,0.33147171070905723,0.1906029296784975,0.477925359612445,0.14645364890338775,True,False
Alphabet Inc.,2022-02-14,2022-02-15,1,flat,flat,0.3234170226319188,0.3451500966064921,0.33143288076158894,0.33143288076158894,-0.013717215844903152,False,True
Alphabet Inc.,2022-02-15,2022-02-16,1,flat,up,0.14844702315530253,0.40278504024481887,0.44876793659987835,0.44876793659987835,0.04598289635505948,True,False
Alphabet Inc.,2022-02-16,2022-02-17,1,flat,flat,0.2532116481032877,0.44989416103243385,0.29689419086427815,0.29689419086427815,-0.1529999701681557,False,True
Alphabet Inc.,2022-02-17,2022-02-18,1,down,flat,0.3111118441046314,0.44624719785127565,0.24264095804409294,0.3111118441046314,-0.13513535374664426,False,False
Alphabet Inc.,2022-02-18,2022-02-22,1,flat,down,0.36908726324292546,0.3544665878905911,0.27644614886648333,0.36908726324292546,0.014620675352334356,True,False
Alphabet Inc.,2022-02-22,2022-02-23,1,flat,flat,0.33718222269831105,0.35370981019787,0.30910796710381877,0.33718222269831105,-0.01652758749955896,False,True
Alphabet Inc.,2022-02-23,2022-02-24,1,flat,flat,0.17392173100535688,0.41610014991448585,0.40997811908015724,0.40997811908015724,-0.006122030834328607,False,True
Alphabet Inc.,2022-02-24,2022-02-25,1,up,up,0.19535587585592618,0.3965304929098934,0.4081136312341804,0.4081136312341804,0.011583138324286979,True,True
Alphabet Inc.,2022-02-25,2022-02-28,1,flat,up,0.09990287611922781,0.3931242848283486,0.5069728390524235,0.5069728390524235,0.11384855422407492,True,False
Alphabet Inc.,2022-02-28,2022-03-01,1,flat,flat,0.21278184924167398,0.4299925794655684,0.3572255712927575,0.3572255712927575,-0.0727670081728109,False,True
Alphabet Inc.,2022-03-01,2022-03-02,1,flat,flat,0.22410582446637128,0.5440205296862743,0.23187364584735415,0.23187364584735415,-0.3121468838389202,False,True
Alphabet Inc.,2022-03-02,2022-03-03,1,flat,flat,0.24197986511148029,0.5461575559008913,0.21186257898762814,0.24197986511148029,-0.30417769078941104,False,True
Alphabet Inc.,2022-03-03,2022-03-04,1,down,flat,0.20673716404599396,0.4945255625373367,0.29873727341666917,0.29873727341666917,-0.19578828912066754,False,False
Alphabet Inc.,2022-03-04,2022-03-07,1,down,flat,0.35322112526336547,0.38060131998526014,0.2661775547513742,0.35322112526336547,-0.02738019472189468,False,False
Alphabet Inc.,2022-03-07,2022-03-08,1,flat,flat,0.35706258066155383,0.40340048482641877,0.23953693451202718,0.35706258066155383,-0.04633790416486494,False,True
Alphabet Inc.,2022-03-08,2022-03-09,1,up,up,0.2724987140979228,0.35151251306571196,0.3759887728363649,0.3759887728363649,0.02447625977065293,True,True
Alphabet Inc.,2022-03-09,2022-03-10,1,flat,up,0.07154141680665346,0.32178692838612954,0.6066716548072169,0.6066716548072169,0.2848847264210873,True,False
Alphabet Inc.,2022-03-10,2022-03-11,1,flat,flat,0.25016705969801095,0.38276971047068675,0.3670632298313022,0.3670632298313022,-0.015706480639384568,False,True
Alphabet Inc.,2022-03-11,2022-03-14,1,down,flat,0.288398069603354,0.3618005940963309,0.34980133630031485,0.34980133630031485,-0.011999257796016072,False,False
Alphabet Inc.,2022-03-14,2022-03-15,1,flat,down,0.5035415844827491,0.28560151913103876,0.2108568963862119,0.5035415844827491,0.21794006535171034,True,False
Alphabet Inc.,2022-03-15,2022-03-16,1,up,up,0.25943730078292027,0.35328992426676065,0.3872727749503189,0.3872727749503189,0.033982850683558274,True,True
Alphabet Inc.,2022-03-16,2022-03-17,1,flat,up,0.08232700667065132,0.36062251600046946,0.5570504773288791,0.5570504773288791,0.19642796132840967,True,False
Alphabet Inc.,2022-03-17,2022-03-18,1,flat,up,0.1409858436298152,0.4081840322737122,0.4508301240964726,0.4508301240964726,0.04264609182276041,True,False
Alphabet Inc.,2022-03-18,2022-03-21,1,flat,up,0.18071099955794873,0.3674706831160439,0.4518183173260073,0.4518183173260073,0.08434763420996338,True,False
Alphabet Inc.,2022-03-21,2022-03-22,1,flat,flat,0.20686481517496513,0.49379499006708266,0.29934019475795215,0.29934019475795215,-0.1944547953091305,False,True
Alphabet Inc.,2022-03-22,2022-03-23,1,flat,flat,0.1933090895685053,0.47019915421427483,0.3364917562172197,0.3364917562172197,-0.1337073979970551,False,True
Alphabet Inc.,2022-03-23,2022-03-24,1,flat,flat,0.24902543663221471,0.5426295848843696,0.2083449784834155,0.24902543663221471,-0.2936041482521549,False,True
Alphabet Inc.,2022-03-24,2022-03-25,1,flat,flat,0.1870356475002295,0.5548458948278421,0.25811845767192826,0.25811845767192826,-0.2967274371559138,False,True
Alphabet Inc.,2022-03-25,2022-03-28,1,flat,flat,0.1899805440525342,0.5255526725770383,0.2844667833704274,0.2844667833704274,-0.2410858892066109,False,True
Alphabet Inc.,2022-03-28,2022-03-29,1,flat,flat,0.29671963110339694,0.5022362471743553,0.2010441217222476,0.29671963110339694,-0.2055166160709584,False,True
Alphabet Inc.,2022-03-29,2022-03-30,1,flat,flat,0.17014611420323722,0.49578862417419334,0.3340652616225692,0.3340652616225692,-0.16172336255162412,False,True
Alphabet Inc.,2022-03-30,2022-03-31,1,down,flat,0.35286150593641974,0.4810332628987995,0.1661052311647807,0.35286150593641974,-0.12817175696237976,False,False
Alphabet Inc.,2022-03-31,2022-04-01,1,flat,flat,0.3682780295108641,0.43351808005945924,0.19820389042967657,0.3682780295108641,-0.06524005054859516,False,True
Alphabet Inc.,2022-04-01,2022-04-04,1,up,flat,0.3571605799585047,0.37341045892618135,0.2694289611153142,0.3571605799585047,-0.016249878967676656,False,False
Alphabet Inc.,2022-04-04,2022-04-05,1,flat,up,0.16470677102513975,0.3950059363535537,0.4402872926213065,0.4402872926213065,0.045281356267752815,True,False
Alphabet Inc.,2022-04-05,2022-04-06,1,down,flat,0.2962349907565015,0.4091658332678858,0.29459917597561247,0.2962349907565015,-0.1129308425113843,False,False
Alphabet Inc.,2022-04-06,2022-04-07,1,down,down,0.4701991359743356,0.29662234671489296,0.23317851731077144,0.4701991359743356,0.17357678925944264,True,True
Alphabet Inc.,2022-04-07,2022-04-08,1,flat,up,0.3209050766882264,0.292867298308947,0.3862276250028267,0.3862276250028267,0.09336032669387972,True,False
Alphabet Inc.,2022-04-08,2022-04-11,1,down,up,0.2719552773346006,0.29261386012380874,0.43543086254159075,0.43543086254159075,0.142817002417782,True,False
Alphabet Inc.,2022-04-11,2022-04-12,1,flat,flat,0.34113134507966597,0.34493166220031324,0.3139369927200207,0.34113134507966597,-0.0038003171206472675,False,True
Alphabet Inc.,2022-04-12,2022-04-13,1,flat,up,0.20946489890018422,0.29702541723920683,0.4935096838606088,0.4935096838606088,0.19648426662140195,True,False
Alphabet Inc.,2022-04-13,2022-04-14,1,flat,up,0.19994586559490532,0.26655552446434927,0.5334986099407454,0.5334986099407454,0.2669430854763961,True,False
Alphabet Inc.,2022-04-14,2022-04-18,1,flat,up,0.21859132030339468,0.27665759864074385,0.5047510810558612,0.5047510810558612,0.22809348241511734,True,False
Alphabet Inc.,2022-04-18,2022-04-19,1,flat,up,0.22366391984167178,0.30230316565217885,0.4740329145061493,0.4740329145061493,0.17172974885397047,True,False
Alphabet Inc.,2022-04-19,2022-04-20,1,flat,up,0.10154589491326153,0.3056962512743333,0.592757853812405,0.592757853812405,0.28706160253807167,True,False
Alphabet Inc.,2022-04-20,2022-04-21,1,down,up,0.13197197152665852,0.32632658047523555,0.5417014479981059,0.5417014479981059,0.21537486752287038,True,False
Alphabet Inc.,2022-04-21,2022-04-22,1,down,flat,0.3285062593147341,0.3918039511765237,0.27968978950874207,0.3285062593147341,-0.06329769186178963,False,False
Alphabet Inc.,2022-04-22,2022-04-25,1,flat,down,0.4563517518463218,0.3478356033303363,0.19581264482334163,0.4563517518463218,0.10851614851598551,True,False
Alphabet Inc.,2022-04-25,2022-04-26,1,flat,up,0.20953146796303485,0.3752310480038589,0.415237484033106,0.415237484033106,0.04000643602924708,True,False
Alphabet Inc.,2022-04-26,2022-04-27,1,down,up,0.17133668840477217,0.3143470515929041,0.5143162600023237,0.5143162600023237,0.19996920840941956,True,False
Alphabet Inc.,2022-04-27,2022-04-28,1,up,down,0.4110674200686041,0.24957468214256745,0.3393578977888286,0.4110674200686041,0.16149273792603663,True,False
Alphabet Inc.,2022-04-28,2022-04-29,1,flat,up,0.09991487199985302,0.34032151197138905,0.5597636160287578,0.5597636160287578,0.21944210405736875,True,False
Alphabet Inc.,2022-04-29,2022-05-02,1,flat,up,0.27998474202205587,0.34706814351015347,0.37294711446779044,0.37294711446779044,0.02587897095763697,True,False
Alphabet Inc.,2022-05-02,2022-05-03,1,flat,flat,0.23967796030659502,0.4240624015207147,0.3362596381726901,0.3362596381726901,-0.08780276334802462,False,True
Alphabet Inc.,2022-05-03,2022-05-04,1,flat,up,0.12182854865826896,0.4180072220473459,0.4601642292943849,0.4601642292943849,0.04215700724703897,True,False
Alphabet Inc.,2022-05-04,2022-05-05,1,flat,flat,0.14073225451056964,0.43283571628712253,0.4264320292023075,0.4264320292023075,-0.006403687084815035,False,True
Alphabet Inc.,2022-05-05,2022-05-06,1,down,flat,0.3388396747601813,0.45960883428698995,0.20155149095282854,0.3388396747601813,-0.12076915952680867,False,False
Alphabet Inc.,2022-05-06,2022-05-09,1,flat,flat,0.381684989787068,0.41805648413157803,0.20025852608135383,0.381684989787068,-0.036371494344510036,False,True
Alphabet Inc.,2022-05-09,2022-05-10,1,flat,flat,0.36580143564036743,0.39355880071190313,0.24063976364772915,0.36580143564036743,-0.0277573650715357,False,True
Alphabet Inc.,2022-05-10,2022-05-11,1,flat,up,0.12028251275715192,0.4331827469479099,0.44653474029493795,0.44653474029493795,0.013351993347028024,True,False
Alphabet Inc.,2022-05-11,2022-05-12,1,flat,flat,0.21803027357211952,0.43811361475881594,0.3438561116690645,0.3438561116690645,-0.09425750308975145,False,True
Alphabet Inc.,2022-05-12,2022-05-13,1,up,flat,0.32117388409224357,0.42196001374292785,0.2568661021648285,0.32117388409224357,-0.10078612965068429,False,False
Alphabet Inc.,2022-05-13,2022-05-16,1,flat,flat,0.11008694571130218,0.47563407443354055,0.4142789798551571,0.4142789798551571,-0.06135509457838345,False,True
Alphabet Inc.,2022-05-16,2022-05-17,1,flat,flat,0.29381586542237303,0.4651350027142139,0.24104913186341298,0.29381586542237303,-0.17131913729184084,False,True
Alphabet Inc.,2022-05-17,2022-05-18,1,down,flat,0.180526361224465,0.5369696408221571,0.28250399795337766,0.28250399795337766,-0.2544656428687795,False,False
Alphabet Inc.,2022-05-18,2022-05-19,1,down,flat,0.38845152877780853,0.40444668591039157,0.20710178531179987,0.38845152877780853,-0.015995157132583038,False,False
Alphabet Inc.,2022-05-19,2022-05-20,1,flat,flat,0.37764993121279844,0.39433517607271495,0.22801489271448644,0.37764993121279844,-0.016685244859916515,False,True
Alphabet Inc.,2022-05-20,2022-05-23,1,flat,flat,0.3094171165382193,0.3825690542266724,0.30801382923510795,0.3094171165382193,-0.07315193768845313,False,True
Alphabet Inc.,2022-05-23,2022-05-24,1,down,up,0.12681282696009205,0.4321721348379444,0.4410150382019634,0.4410150382019634,0.008842903364018995,True,False
Alphabet Inc.,2022-05-24,2022-05-25,1,flat,down,0.4919211927718737,0.320426809149687,0.18765199807843908,0.4919211927718737,0.17149438362218666,True,False
Alphabet Inc.,2022-05-25,2022-05-26,1,flat,up,0.1520352056853834,0.40997131098309747,0.437993483331519,0.437993483331519,0.028022172348421526,True,False
Alphabet Inc.,2022-05-26,2022-05-27,1,up,up,0.1040937163062008,0.40658498984587543,0.48932129384792367,0.48932129384792367,0.08273630400204823,True,True
Alphabet Inc.,2022-05-27,2022-05-31,1,up,up,0.09263316387392966,0.40756574781669663,0.49980108830937353,0.49980108830937353,0.0922353404926769,True,True
Alphabet Inc.,2022-05-31,2022-06-01,1,flat,up,0.1156926531280413,0.4133093660386079,0.4709979808333506,0.4709979808333506,0.05768861479474269,True,False
Alphabet Inc.,2022-06-01,2022-06-02,1,flat,flat,0.2111910732187141,0.6202702731746629,0.16853865360662296,0.2111910732187141,-0.40907919995594877,False,True
Alphabet Inc.,2022-06-02,2022-06-03,1,flat,flat,0.2672587874543219,0.5588624612842157,0.17387875126146227,0.2672587874543219,-0.2916036738298938,False,True
Alphabet Inc.,2022-06-03,2022-06-06,1,flat,flat,0.2908770059436046,0.5798405945477312,0.12928239950866416,0.2908770059436046,-0.2889635886041266,False,True
Alphabet Inc.,2022-06-06,2022-06-07,1,flat,flat,0.13898579713873213,0.668983986313318,0.19203021654794994,0.19203021654794994,-0.4769537697653681,False,True
Alphabet Inc.,2022-06-07,2022-06-08,1,flat,flat,0.2970299774437084,0.5251038680754421,0.17786615448084941,0.2970299774437084,-0.22807389063173367,False,True
Alphabet Inc.,2022-06-08,2022-06-09,1,flat,flat,0.2241774594411716,0.5754372979530231,0.2003852426058051,0.2241774594411716,-0.3512598385118515,False,True
Alphabet Inc.,2022-06-09,2022-06-10,1,down,flat,0.3287570967820481,0.43757026415261635,0.23367263906533547,0.3287570967820481,-0.10881316737056823,False,False
Alphabet Inc.,2022-06-10,2022-06-13,1,down,down,0.48273541513233553,0.3561488406403277,0.16111574422733677,0.48273541513233553,0.12658657449200783,True,True
Alphabet Inc.,2022-06-13,2022-06-14,1,flat,down,0.4699830621028179,0.37753780278845145,0.15247913510873068,0.4699830621028179,0.09244525931436642,True,False
Alphabet Inc.,2022-06-14,2022-06-15,1,up,flat,0.15621347567608507,0.4314995489064711,0.4122869754174437,0.4122869754174437,-0.019212573489027385,False,False
Alphabet Inc.,2022-06-15,2022-06-16,1,down,up,0.10409462879130489,0.3929684516774931,0.5029369195312019,0.5029369195312019,0.10996846785370878,True,False
Alphabet Inc.,2022-06-16,2022-06-17,1,flat,flat,0.3328454036968915,0.45500251495150595,0.21215208135160246,0.3328454036968915,-0.12215711125461448,False,True
Alphabet Inc.,2022-06-17,2022-06-21,1,up,flat,0.23117180351950511,0.4326071377356454,0.3362210587448493,0.3362210587448493,-0.0963860789907961,False,False
Alphabet Inc.,2022-06-21,2022-06-22,1,flat,up,0.12814902603736486,0.4268501737917192,0.4450008001709158,0.4450008001709158,0.01815062637919662,True,False
Alphabet Inc.,2022-06-22,2022-06-23,1,flat,flat,0.18026371440686006,0.6181415617123123,0.2015947238808275,0.2015947238808275,-0.4165468378314848,False,True
Alphabet Inc.,2022-06-23,2022-06-24,1,up,flat,0.21836805666149095,0.513166774063532,0.26846516927497677,0.26846516927497677,-0.24470160478855518,False,False
Alphabet Inc.,2022-06-24,2022-06-27,1,flat,up,0.09853849835681167,0.43822633906973874,0.46323516257344954,0.46323516257344954,0.02500882350371081,True,False
Alphabet Inc.,2022-06-27,2022-06-28,1,down,flat,0.18567788398300347,0.6258556901498624,0.18846642586713416,0.18846642586713416,-0.4373892642827283,False,False
Alphabet Inc.,2022-06-28,2022-06-29,1,down,flat,0.3984493067551704,0.5019628078623767,0.09958788538245283,0.3984493067551704,-0.10351350110720631,False,False
Alphabet Inc.,2022-06-29,2022-06-30,1,down,flat,0.30775533011288053,0.5210108449963884,0.1712338248907309,0.30775533011288053,-0.21325551488350786,False,False
Alphabet Inc.,2022-06-30,2022-07-01,1,flat,flat,0.3865351066623024,0.43431342577011794,0.1791514675675795,0.3865351066623024,-0.04777831910781555,False,True
Alphabet Inc.,2022-07-01,2022-07-05,1,flat,flat,0.20894724079805388,0.4641434095597394,0.3269093496422065,0.3269093496422065,-0.13723405991753285,False,True
Alphabet Inc.,2022-07-05,2022-07-06,1,up,up,0.0995755475464323,0.43260923255076356,0.46781521990280395,0.46781521990280395,0.03520598735204039,True,True
Alphabet Inc.,2022-07-06,2022-07-07,1,up,flat,0.10119655554787377,0.45541106810225096,0.443392376349875,0.443392376349875,-0.012018691752375965,False,False
Alphabet Inc.,2022-07-07,2022-07-08,1,flat,flat,0.15445505864910986,0.48516486352770083,0.36038007782318926,0.36038007782318926,-0.12478478570451157,False,True
Alphabet Inc.,2022-07-08,2022-07-11,1,flat,flat,0.23837183091896325,0.5736486285538971,0.18797954052713947,0.23837183091896325,-0.33527679763493384,False,True
Alphabet Inc.,2022-07-11,2022-07-12,1,flat,flat,0.40837610052821427,0.48953060986770713,0.10209328960407849,0.40837610052821427,-0.08115450933949286,False,True
Alphabet Inc.,2022-07-12,2022-07-13,1,down,flat,0.35563870734764214,0.47803076534781247,0.16633052730454534,0.35563870734764214,-0.12239205800017033,False,False
Alphabet Inc.,2022-07-13,2022-07-14,1,down,flat,0.3847445301805452,0.47714248933389575,0.1381129804855588,0.3847445301805452,-0.09239795915335053,False,False
Alphabet Inc.,2022-07-14,2022-07-15,1,flat,flat,0.25686229768220814,0.48252922225510225,0.26060848006268955,0.26060848006268955,-0.2219207421924127,False,True
Alphabet Inc.,2022-07-15,2022-07-18,1,flat,flat,0.09916554160507068,0.4770747457618863,0.42375971263304285,0.42375971263304285,-0.05331503312884345,False,True
Alphabet Inc.,2022-07-18,2022-07-19,1,flat,flat,0.2833413220691604,0.423836677730874,0.29282200019996546,0.29282200019996546,-0.13101467753090856,False,True
Alphabet Inc.,2022-07-19,2022-07-20,1,flat,flat,0.18352212553534286,0.43904027817168534,0.3774375962929716,0.3774375962929716,-0.06160268187871376,False,True
Alphabet Inc.,2022-07-20,2022-07-21,1,flat,flat,0.18640007758074123,0.4516648179427829,0.36193510447647564,0.36193510447647564,-0.08972971346630726,False,True
Alphabet Inc.,2022-07-21,2022-07-22,1,down,flat,0.32810274913435555,0.445280126663172,0.2266171242024722,0.32810274913435555,-0.11717737752881646,False,False
Alphabet Inc.,2022-07-22,2022-07-25,1,flat,down,0.47542703034994616,0.38736244526223973,0.1372105243878141,0.47542703034994616,0.08806458508770643,True,False
Alphabet Inc.,2022-07-25,2022-07-26,1,down,flat,0.25882337346037015,0.4234978317662207,0.3176787947734091,0.3176787947734091,-0.10581903699281159,False,False
Alphabet Inc.,2022-07-26,2022-07-27,1,up,flat,0.3338032378460118,0.40666376595786996,0.2595329961961181,0.3338032378460118,-0.07286052811185817,False,False
Alphabet Inc.,2022-07-27,2022-07-28,1,flat,up,0.06304796443710141,0.3840227522900435,0.5529292832728551,0.5529292832728551,0.16890653098281155,True,False
Alphabet Inc.,2022-07-28,2022-07-29,1,flat,flat,0.15438649737958432,0.5542039052379791,0.29140959738243627,0.29140959738243627,-0.26279430785554286,False,True
Alphabet Inc.,2022-07-29,2022-08-01,1,flat,flat,0.19946497402882885,0.5017225252899387,0.29881250068123233,0.29881250068123233,-0.20291002460870633,False,True
Alphabet Inc.,2022-08-01,2022-08-02,1,flat,flat,0.27083917859004125,0.5769791538927972,0.15218166751716158,0.27083917859004125,-0.30613997530275594,False,True
Alphabet Inc.,2022-08-02,2022-08-03,1,flat,flat,0.2805785159557681,0.5753627655542656,0.14405871848996624,0.2805785159557681,-0.29478424959849747,False,True
Alphabet Inc.,2022-08-03,2022-08-04,1,flat,flat,0.1550972882437664,0.5907848662616,0.2541178454946334,0.2541178454946334,-0.3366670207669666,False,True
Alphabet Inc.,2022-08-04,2022-08-05,1,flat,flat,0.16130460558319082,0.6917363567504786,0.14695903766633048,0.16130460558319082,-0.5304317511672878,False,True
Alphabet Inc.,2022-08-05,2022-08-08,1,flat,flat,0.31040233368659387,0.5384712708519931,0.15112639546141288,0.31040233368659387,-0.22806893716539922,False,True
Alphabet Inc.,2022-08-08,2022-08-09,1,flat,flat,0.20591228802263628,0.5625982289125766,0.23148948306478706,0.23148948306478706,-0.33110874584778954,False,True
Alphabet Inc.,2022-08-09,2022-08-10,1,up,flat,0.33630143482015007,0.45826850717433437,0.20543005800551542,0.33630143482015007,-0.1219670723541843,False,False
Alphabet Inc.,2022-08-10,2022-08-11,1,flat,flat,0.18303388600410975,0.4940192022588741,0.3229469117370161,0.3229469117370161,-0.17107229052185796,False,True
Alphabet Inc.,2022-08-11,2022-08-12,1,flat,flat,0.2498882507757894,0.5519183884666519,0.19819336075755858,0.2498882507757894,-0.30203013769086245,False,True
Alphabet Inc.,2022-08-12,2022-08-15,1,flat,flat,0.23936198560229555,0.5540806329461059,0.20655738145159847,0.23936198560229555,-0.31471864734381033,False,True
Alphabet Inc.,2022-08-15,2022-08-16,1,flat,flat,0.26119266078966524,0.507600689512869,0.23120664969746563,0.26119266078966524,-0.24640802872320372,False,True
Alphabet Inc.,2022-08-16,2022-08-17,1,down,flat,0.28622197307646624,0.5297963568347204,0.1839816700888132,0.28622197307646624,-0.24357438375825413,False,False
Alphabet Inc.,2022-08-17,2022-08-18,1,flat,flat,0.3454982272326985,0.4161070266051819,0.2383947461621193,0.3454982272326985,-0.07060879937248338,False,True
Alphabet Inc.,2022-08-18,2022-08-19,1,down,flat,0.2717278578357172,0.4304449806631619,0.2978271615011209,0.2978271615011209,-0.13261781916204102,False,False
Alphabet Inc.,2022-08-19,2022-08-22,1,down,down,0.3640341976778005,0.35485882491681386,0.28110697740538554,0.3640341976778005,0.009175372760986622,True,True
Alphabet Inc.,2022-08-22,2022-08-23,1,flat,down,0.38928120486316165,0.35555632117479147,0.2551624739620467,0.38928120486316165,0.03372488368837018,True,False
Alphabet Inc.,2022-08-23,2022-08-24,1,flat,up,0.2044517915514483,0.3545140533528628,0.4410341550956889,0.4410341550956889,0.0865201017428261,True,False
Alphabet Inc.,2022-08-24,2022-08-25,1,up,up,0.20834924828049553,0.2936009798184437,0.4980497719010608,0.4980497719010608,0.20444879208261713,True,True
Alphabet Inc.,2022-08-25,2022-08-26,1,down,up,0.1332036522230563,0.35621152324135463,0.510584824535589,0.510584824535589,0.15437330129423432,True,False
Alphabet Inc.,2022-08-26,2022-08-29,1,down,down,0.3817197293852954,0.3386101254839332,0.2796701451307714,0.3817197293852954,0.0431096039013622,True,True
Alphabet Inc.,2022-08-29,2022-08-30,1,flat,down,0.39726878867194526,0.33268247599778633,0.27004873533026835,0.39726878867194526,0.06458631267415893,True,False
Alphabet Inc.,2022-08-30,2022-08-31,1,flat,up,0.2165967472825595,0.33745405370572173,0.4459491990117185,0.4459491990117185,0.10849514530599674,True,False
Alphabet Inc.,2022-08-31,2022-09-01,1,flat,up,0.16543188205760215,0.3530873310848582,0.4814807868575397,0.4814807868575397,0.12839345577268152,True,False
Alphabet Inc.,2022-09-01,2022-09-02,1,flat,flat,0.18569118070763313,0.4427701929824196,0.37153862630994716,0.37153862630994716,-0.07123156667247244,False,True
Alphabet Inc.,2022-09-02,2022-09-06,1,down,flat,0.16443239371711735,0.4376562250236803,0.3979113812592022,0.3979113812592022,-0.039744843764478066,False,False
Alphabet Inc.,2022-09-06,2022-09-07,1,flat,flat,0.36019992502344134,0.3821633833564455,0.257636691620113,0.36019992502344134,-0.02196345833300417,False,True
Alphabet Inc.,2022-09-07,2022-09-08,1,flat,up,0.10676244164055307,0.4016100789489976,0.49162747941044915,0.49162747941044915,0.09001740046145157,True,False
Alphabet Inc.,2022-09-08,2022-09-09,1,flat,flat,0.1793896155416294,0.46330273103804426,0.35730765342032617,0.35730765342032617,-0.10599507761771809,False,True
Alphabet Inc.,2022-09-09,2022-09-12,1,flat,up,0.10527316331139908,0.4414040801965048,0.45332275649209586,0.45332275649209586,0.011918676295591069,True,False
Alphabet Inc.,2022-09-12,2022-09-13,1,down,flat,0.1670282319362375,0.42475714611259185,0.4082146219511705,0.4082146219511705,-0.01654252416142138,False,False
Alphabet Inc.,2022-09-13,2022-09-14,1,down,down,0.4879632802281959,0.38593231509422393,0.12610440467758002,0.4879632802281959,0.10203096513397197,True,True
Alphabet Inc.,2022-09-14,2022-09-15,1,flat,flat,0.2563970817091946,0.43986035423944714,0.3037425640513581,0.3037425640513581,-0.13611779018808906,False,True
Alphabet Inc.,2022-09-15,2022-09-16,1,flat,flat,0.21165367729169865,0.41506434045031554,0.37328198225798565,0.37328198225798565,-0.041782358192329894,False,True
Alphabet Inc.,2022-09-16,2022-09-19,1,flat,up,0.2635527904377214,0.3568099735740652,0.3796372359882133,0.3796372359882133,0.02282726241414812,True,False
Alphabet Inc.,2022-09-19,2022-09-20,1,flat,flat,0.12298528141476633,0.4872275033625274,0.3897872152227062,0.3897872152227062,-0.0974402881398212,False,True
Alphabet Inc.,2022-09-20,2022-09-21,1,flat,flat,0.21753928811734669,0.40440175195614714,0.378058959926506,0.378058959926506,-0.026342792029641127,False,True
Alphabet Inc.,2022-09-21,2022-09-22,1,flat,flat,0.214107434323617,0.4307644044923713,0.3551281611840114,0.3551281611840114,-0.07563624330835989,False,True
Alphabet Inc.,2022-09-22,2022-09-23,1,flat,flat,0.21145005956383528,0.42339170365671996,0.3651582367794446,0.3651582367794446,-0.058233466877275375,False,True
Alphabet Inc.,2022-09-23,2022-09-26,1,flat,flat,0.19315696134487748,0.4192666520677243,0.3875763865873981,0.3875763865873981,-0.03169026548032616,False,True
Alphabet Inc.,2022-09-26,2022-09-27,1,flat,up,0.14695501644940764,0.41991325256022705,0.43313173099036517,0.43313173099036517,0.013218478430138125,True,False
Alphabet Inc.,2022-09-27,2022-09-28,1,flat,up,0.14205861590536845,0.402855358719165,0.4550860253754665,0.4550860253754665,0.052230666656301494,True,False
Alphabet Inc.,2022-09-28,2022-09-29,1,flat,up,0.11108630416131461,0.4318046195298769,0.45710907630880837,0.45710907630880837,0.02530445677893145,True,False
Alphabet Inc.,2022-09-29,2022-09-30,1,flat,flat,0.2349753144958205,0.45806226595400945,0.30696241955017,0.30696241955017,-0.15109984640383944,False,True
Alphabet Inc.,2022-09-30,2022-10-03,1,flat,flat,0.21028051731920538,0.39846299542366903,0.39125648725712536,0.39125648725712536,-0.007206508166543668,False,True
Alphabet Inc.,2022-10-03,2022-10-04,1,up,flat,0.10522155683861223,0.4477168859216361,0.4470615572397515,0.4470615572397515,-0.0006553286818846149,False,False
Alphabet Inc.,2022-10-04,2022-10-05,1,flat,up,0.09661844891332234,0.37134968944761415,0.5320318616390636,0.5320318616390636,0.16068217219144942,True,False
Alphabet Inc.,2022-10-05,2022-10-06,1,flat,flat,0.31067015286905764,0.4974434811803873,0.19188636595055492,0.31067015286905764,-0.18677332831132964,False,True
Alphabet Inc.,2022-10-06,2022-10-07,1,down,flat,0.1811492242325588,0.5489010098169891,0.2699497659504521,0.2699497659504521,-0.27895124386653697,False,False
Alphabet Inc.,2022-10-07,2022-10-10,1,flat,flat,0.390900734635785,0.40327765520439696,0.20582161015981784,0.390900734635785,-0.012376920568611949,False,True
Alphabet Inc.,2022-10-10,2022-10-11,1,flat,flat,0.2677430728438988,0.48660328434354905,0.2456536428125519,0.2677430728438988,-0.21886021149965024,False,True
Alphabet Inc.,2022-10-11,2022-10-12,1,flat,flat,0.20116519135696942,0.40985197707395604,0.38898283156907437,0.38898283156907437,-0.02086914550488167,False,True
Alphabet Inc.,2022-10-12,2022-10-13,1,flat,flat,0.13899514744013414,0.4987705220982429,0.3622343304616229,0.3622343304616229,-0.13653619163662,False,True
Alphabet Inc.,2022-10-13,2022-10-14,1,flat,up,0.22950817189833506,0.38194222300254216,0.3885496050991226,0.3885496050991226,0.006607382096580461,True,False
Alphabet Inc.,2022-10-14,2022-10-17,1,flat,flat,0.09860647254949852,0.4618651051934406,0.4395284222570607,0.4395284222570607,-0.022336682936379915,False,True
Alphabet Inc.,2022-10-17,2022-10-18,1,up,up,0.1541016497862357,0.3560594399610847,0.48983891025267945,0.48983891025267945,0.13377947029159476,True,True
Alphabet Inc.,2022-10-18,2022-10-19,1,down,up,0.13934195329950946,0.4195212410793502,0.44113680562114027,0.44113680562114027,0.02161556454179009,True,False
Alphabet Inc.,2022-10-19,2022-10-20,1,flat,flat,0.3931766450736882,0.44239690619479644,0.16442644873151527,0.3931766450736882,-0.04922026112110822,False,True
Alphabet Inc.,2022-10-20,2022-10-21,1,flat,flat,0.19319204048517327,0.4258021269167342,0.3810058325980924,0.3810058325980924,-0.044796294318641794,False,True
Alphabet Inc.,2022-10-21,2022-10-24,1,up,flat,0.2857286633168478,0.4853232400245843,0.22894809665856758,0.2857286633168478,-0.1995945767077365,False,False
Alphabet Inc.,2022-10-24,2022-10-25,1,up,up,0.08765704366920388,0.4455135811892531,0.4668293751415429,0.4668293751415429,0.021315793952289774,True,True
Alphabet Inc.,2022-10-25,2022-10-26,1,down,up,0.10658090392681877,0.3428421909015718,0.5505769051716095,0.5505769051716095,0.2077347142700377,True,False
Alphabet Inc.,2022-10-26,2022-10-27,1,down,down,0.554628668274539,0.30807498558766133,0.13729634613779945,0.554628668274539,0.24655368268687772,True,True
Alphabet Inc.,2022-10-27,2022-10-28,1,flat,down,0.3908974353468472,0.39062649945212763,0.2184760652010251,0.3908974353468472,0.0002709358947195484,True,False
Alphabet Inc.,2022-10-28,2022-10-31,1,flat,up,0.11049198772566299,0.4395079337237967,0.4500000785505402,0.4500000785505402,0.010492144826743488,True,False
Alphabet Inc.,2022-10-31,2022-11-01,1,down,flat,0.09843955292284576,0.5392246720324246,0.36233577504472947,0.36233577504472947,-0.17688889698769517,False,False
Alphabet Inc.,2022-11-01,2022-11-02,1,down,flat,0.2956053281130133,0.4151943474559472,0.2892003244310393,0.2956053281130133,-0.11958901934293387,False,False
Alphabet Inc.,2022-11-02,2022-11-03,1,down,down,0.4840573281807437,0.36820245598045703,0.14774021583879926,0.4840573281807437,0.11585487220028667,True,True
Alphabet Inc.,2022-11-03,2022-11-04,1,flat,down,0.4780957852232884,0.33185575892702285,0.19004845584968866,0.4780957852232884,0.14624002629626554,True,False
Alphabet Inc.,2022-11-04,2022-11-07,1,flat,up,0.12954171364240735,0.4042709208316245,0.46618736552596796,0.46618736552596796,0.06191644469434343,True,False
Alphabet Inc.,2022-11-07,2022-11-08,1,flat,flat,0.052391757867734604,0.5588633495058606,0.38874489262640466,0.38874489262640466,-0.17011845687945593,False,True
Alphabet Inc.,2022-11-08,2022-11-09,1,flat,flat,0.1082754929806095,0.5017585191827801,0.3899659878366102,0.3899659878366102,-0.11179253134616995,False,True
Alphabet Inc.,2022-11-09,2022-11-10,1,up,flat,0.29179193469106735,0.5290050084504535,0.179203056858479,0.29179193469106735,-0.23721307375938616,False,False
Alphabet Inc.,2022-11-10,2022-11-11,1,up,up,0.07931001740687996,0.35915299971304804,0.561536982880072,0.561536982880072,0.202383983167024,True,True
Alphabet Inc.,2022-11-11,2022-11-14,1,flat,flat,0.11919346263664873,0.6871579735426385,0.19364856382071266,0.19364856382071266,-0.49350940972192586,False,True
Alphabet Inc.,2022-11-14,2022-11-15,1,up,flat,0.15127484255427925,0.7580688738619199,0.09065628358380097,0.15127484255427925,-0.6067940313076406,False,False
Alphabet Inc.,2022-11-15,2022-11-16,1,flat,flat,0.11961544670741939,0.6290679168742563,0.25131663641832414,0.25131663641832414,-0.3777512804559322,False,True
Alphabet Inc.,2022-11-16,2022-11-17,1,flat,flat,0.22265665186572542,0.6912404251388844,0.08610292299539017,0.22265665186572542,-0.468583773273159,False,True
Alphabet Inc.,2022-11-17,2022-11-18,1,flat,flat,0.21328657686769859,0.6990819088185014,0.08763151431380012,0.21328657686769859,-0.4857953319508028,False,True
Alphabet Inc.,2022-11-18,2022-11-21,1,flat,flat,0.1671686111477648,0.684690815412103,0.14814057344013215,0.1671686111477648,-0.5175222042643381,False,True
Alphabet Inc.,2022-11-21,2022-11-22,1,flat,flat,0.19957672543119054,0.6578317105960136,0.14259156397279577,0.19957672543119054,-0.4582549851648231,False,True
Alphabet Inc.,2022-11-22,2022-11-23,1,flat,flat,0.17400268268996294,0.6194890666882416,0.20650825062179523,0.20650825062179523,-0.4129808160664463,False,True
Alphabet Inc.,2022-11-23,2022-11-25,1,flat,flat,0.094582594384545,0.6500790541912371,0.2553383514242175,0.2553383514242175,-0.3947407027670196,False,True
Alphabet Inc.,2022-11-25,2022-11-28,1,flat,flat,0.18859554797236452,0.6754440852911783,0.13596036673645695,0.18859554797236452,-0.4868485373188137,False,True
Alphabet Inc.,2022-11-28,2022-11-29,1,flat,flat,0.33065985168470835,0.4813464621361816,0.18799368617910983,0.33065985168470835,-0.15068661045147325,False,True
Alphabet Inc.,2022-11-29,2022-11-30,1,up,flat,0.27760420974329836,0.5065781691357226,0.2158176211209788,0.27760420974329836,-0.22897395939242426,False,False
Alphabet Inc.,2022-11-30,2022-12-01,1,up,up,0.11312726284999748,0.41031967771005823,0.4765530594399441,0.4765530594399441,0.06623338172988585,True,True
Alphabet Inc.,2022-12-01,2022-12-02,1,flat,flat,0.08957553216526233,0.6435236145689245,0.2669008532658131,0.2669008532658131,-0.3766227613031114,False,True
Alphabet Inc.,2022-12-02,2022-12-05,1,flat,flat,0.37987217294270353,0.5119434995643899,0.10818432749290646,0.37987217294270353,-0.13207132662168636,False,True
Alphabet Inc.,2022-12-05,2022-12-06,1,down,flat,0.30552724583173063,0.5309629575489453,0.16350979661932408,0.30552724583173063,-0.22543571171721466,False,False
Alphabet Inc.,2022-12-06,2022-12-07,1,down,flat,0.37879038125775266,0.44905911872374416,0.17215050001850288,0.37879038125775266,-0.0702687374659915,False,False
Alphabet Inc.,2022-12-07,2022-12-08,1,flat,flat,0.38162148113563354,0.44729576224587486,0.17108275661849145,0.38162148113563354,-0.06567428111024132,False,True
Alphabet Inc.,2022-12-08,2022-12-09,1,flat,flat,0.19115769919310605,0.5159226396680887,0.2929196611388051,0.2929196611388051,-0.22300297852928364,False,True
Alphabet Inc.,2022-12-09,2022-12-12,1,flat,flat,0.17973259709500605,0.4412902163689022,0.3789771865360914,0.3789771865360914,-0.062313029832810785,False,True
Alphabet Inc.,2022-12-12,2022-12-13,1,up,flat,0.20052658729778233,0.41611465814917503,0.3833587545530424,0.3833587545530424,-0.03275590359613262,False,False
Alphabet Inc.,2022-12-13,2022-12-14,1,down,up,0.04350827537286793,0.27434203411023905,0.682149690516893,0.682149690516893,0.40780765640665395,True,False
Alphabet Inc.,2022-12-14,2022-12-15,1,down,flat,0.36007508476318184,0.4736445117707052,0.16628040346611278,0.36007508476318184,-0.11356942700752337,False,False
Alphabet Inc.,2022-12-15,2022-12-16,1,flat,flat,0.41594294911024204,0.42938641725243765,0.1546706336373202,0.41594294911024204,-0.013443468142195603,False,True
Alphabet Inc.,2022-12-16,2022-12-19,1,flat,flat,0.30864911529183936,0.3866055019277865,0.30474538278037383,0.30864911529183936,-0.07795638663594712,False,True
Alphabet Inc.,2022-12-19,2022-12-20,1,flat,flat,0.1713435107094166,0.48435270900861416,0.34430378028196906,0.34430378028196906,-0.1400489287266451,False,True
Alphabet Inc.,2022-12-20,2022-12-21,1,flat,flat,0.15621294318674306,0.5076746231605381,0.3361124336527187,0.3361124336527187,-0.17156218950781943,False,True
Alphabet Inc.,2022-12-21,2022-12-22,1,down,flat,0.06464290713730318,0.5437655502141067,0.3915915426485901,0.3915915426485901,-0.15217400756551658,False,False
Alphabet Inc.,2022-12-22,2022-12-23,1,flat,flat,0.2887551828877023,0.4714124620645153,0.23983235504778228,0.2887551828877023,-0.18265727917681301,False,True
Alphabet Inc.,2022-12-23,2022-12-27,1,flat,flat,0.11306773911557291,0.5783703424191303,0.30856191846529674,0.30856191846529674,-0.2698084239538336,False,True
Alphabet Inc.,2022-12-27,2022-12-28,1,down,flat,0.1646421795486489,0.557158624501682,0.27819919594966913,0.27819919594966913,-0.27895942855201283,False,False
Alphabet Inc.,2022-12-28,2022-12-29,1,flat,flat,0.23903989860954553,0.5296051154530182,0.23135498593743614,0.23903989860954553,-0.2905652168434727,False,True
Alphabet Inc.,2022-12-29,2022-12-30,1,flat,flat,0.09094408246205218,0.5338581835527685,0.3751977339851793,0.3751977339851793,-0.15866044956758918,False,True
Alphabet Inc.,2022-12-30,2023-01-03,1,up,flat,0.19851492088604403,0.5245377675298425,0.27694731158411356,0.27694731158411356,-0.24759045594572893,False,False
Alphabet Inc.,2023-01-03,2023-01-04,1,flat,up,0.10642627154736357,0.3971553568267319,0.4964183716259045,0.4964183716259045,0.0992630147991726,True,False
Alphabet Inc.,2023-01-04,2023-01-05,1,down,flat,0.24839120082509725,0.4684665107217696,0.283142288453133,0.283142288453133,-0.1853242222686366,False,False
Alphabet Inc.,2023-01-05,2023-01-06,1,flat,flat,0.36143420182770514,0.4996167538410507,0.138949044331244,0.36143420182770514,-0.13818255201334556,False,True
Alphabet Inc.,2023-01-06,2023-01-09,1,up,flat,0.22614011269971537,0.4797359241489797,0.29412396315130485,0.29412396315130485,-0.18561196099767485,False,False
Alphabet Inc.,2023-01-09,2023-01-10,1,down,flat,0.08873334047956428,0.5085526104154683,0.4027140491049671,0.4027140491049671,-0.10583856131050118,False,False
Alphabet Inc.,2023-01-10,2023-01-11,1,up,flat,0.2590746332037845,0.5490282314876661,0.19189713530854946,0.2590746332037845,-0.2899535982838816,False,False
Alphabet Inc.,2023-01-11,2023-01-12,1,flat,up,0.07727137268338027,0.39809283780053983,0.5246357895160798,0.5246357895160798,0.12654295171553998,True,False
Alphabet Inc.,2023-01-12,2023-01-13,1,flat,flat,0.2234833978728164,0.49565234849703055,0.28086425363015305,0.28086425363015305,-0.2147880948668775,False,True
Alphabet Inc.,2023-01-13,2023-01-17,1,flat,flat,0.2534088933306101,0.5586134740994664,0.18797763256992345,0.2534088933306101,-0.30520458076885626,False,True
Alphabet Inc.,2023-01-17,2023-01-18,1,flat,flat,0.23733322907291488,0.497092601165778,0.26557416976130693,0.26557416976130693,-0.2315184314044711,False,True
Alphabet Inc.,2023-01-18,2023-01-19,1,flat,flat,0.22941283728436007,0.5280859535242942,0.24250120919134555,0.24250120919134555,-0.28558474433294867,False,True
Alphabet Inc.,2023-01-19,2023-01-20,1,up,flat,0.19369449815638345,0.4099037160595346,0.39640178578408203,0.39640178578408203,-0.013501930275452545,False,False
Alphabet Inc.,2023-01-20,2023-01-23,1,up,up,0.05023357272193199,0.30599333386036376,0.6437730934177044,0.6437730934177044,0.33777975955734063,True,True
Alphabet Inc.,2023-01-23,2023-01-24,1,flat,flat,0.11582187602905172,0.6372083991341468,0.24696972483680124,0.24696972483680124,-0.3902386742973456,False,True
Alphabet Inc.,2023-01-24,2023-01-25,1,down,flat,0.3292615341772218,0.5828675088651669,0.08787095695761125,0.3292615341772218,-0.2536059746879451,False,False
Alphabet Inc.,2023-01-25,2023-01-26,1,flat,flat,0.4525675608717117,0.4731182376826456,0.07431420144564244,0.4525675608717117,-0.02055067681093392,False,True
Alphabet Inc.,2023-01-26,2023-01-27,1,flat,flat,0.14909329884861353,0.6341255530020852,0.21678114814930116,0.21678114814930116,-0.417344404852784,False,True
Alphabet Inc.,2023-01-27,2023-01-30,1,down,flat,0.12584109110592614,0.555903546838562,0.31825536205551175,0.31825536205551175,-0.23764818478305028,False,False
Alphabet Inc.,2023-01-30,2023-01-31,1,flat,flat,0.3187344422306492,0.5457566853872198,0.13550887238213064,0.3187344422306492,-0.2270222431565706,False,True
Alphabet Inc.,2023-01-31,2023-02-01,1,flat,flat,0.17926926321443842,0.6105539453475146,0.2101767914380468,0.2101767914380468,-0.4003771539094678,False,True
Alphabet Inc.,2023-02-01,2023-02-02,1,up,flat,0.1787642299896886,0.49397351771653564,0.3272622522937758,0.3272622522937758,-0.16671126542275982,False,False
Alphabet Inc.,2023-02-02,2023-02-03,1,down,up,0.05453231959782845,0.37947230106592345,0.565995379336248,0.565995379336248,0.18652307827032455,True,False
Alphabet Inc.,2023-02-03,2023-02-06,1,flat,flat,0.4092766366546333,0.5181111013910857,0.07261226195428076,0.4092766366546333,-0.10883446473645242,False,True
Alphabet Inc.,2023-02-06,2023-02-07,1,up,flat,0.34122521305205816,0.5663103883784208,0.0924643985695208,0.34122521305205816,-0.22508517532636269,False,False
Alphabet Inc.,2023-02-07,2023-02-08,1,down,flat,0.19285037519010848,0.5316596060128074,0.2754900187970838,0.2754900187970838,-0.2561695872157236,False,False
Alphabet Inc.,2023-02-08,2023-02-09,1,down,down,0.5145143402689931,0.35776481680322314,0.1277208429277835,0.5145143402689931,0.15674952346576998,True,True
Alphabet Inc.,2023-02-09,2023-02-10,1,flat,down,0.42823204640846696,0.41013422321433857,0.1616337303771944,0.42823204640846696,0.018097823194128393,True,False
Alphabet Inc.,2023-02-10,2023-02-13,1,flat,flat,0.26057691770475255,0.5170172670099034,0.22240581528534376,0.26057691770475255,-0.2564403493051508,False,True
Alphabet Inc.,2023-02-13,2023-02-14,1,flat,flat,0.21412995519483005,0.49697793503493365,0.2888921097702362,0.2888921097702362,-0.20808582526469743,False,True
Alphabet Inc.,2023-02-14,2023-02-15,1,flat,flat,0.174731010326494,0.48548079959840784,0.33978819007509786,0.33978819007509786,-0.14569260952330998,False,True
Alphabet Inc.,2023-02-15,2023-02-16,1,flat,flat,0.08752959999325582,0.5421665667377307,0.3703038332690134,0.3703038332690134,-0.17186273346871728,False,True
Alphabet Inc.,2023-02-16,2023-02-17,1,flat,flat,0.2281423342049736,0.5115838943966555,0.2602737713983706,0.2602737713983706,-0.2513101229982849,False,True
Alphabet Inc.,2023-02-17,2023-02-21,1,flat,flat,0.31920053637819323,0.5107679734357842,0.17003149018602265,0.31920053637819323,-0.19156743705759094,False,True
Alphabet Inc.,2023-02-21,2023-02-22,1,flat,flat,0.3021861432977525,0.473581514553879,0.22423234214836818,0.3021861432977525,-0.17139537125612647,False,True
Alphabet Inc.,2023-02-22,2023-02-23,1,flat,flat,0.18834571883389684,0.5105890514836893,0.3010652296824138,0.3010652296824138,-0.2095238218012755,False,True
Alphabet Inc.,2023-02-23,2023-02-24,1,down,flat,0.14081839404459953,0.5302127068819298,0.3289688990734706,0.3289688990734706,-0.20124380780845919,False,False
Alphabet Inc.,2023-02-24,2023-02-27,1,flat,flat,0.19863104567530682,0.5493460732702028,0.2520228810544904,0.2520228810544904,-0.2973231922157124,False,True
Alphabet Inc.,2023-02-27,2023-02-28,1,flat,flat,0.08614661924543837,0.6304198513565998,0.28343352939796157,0.28343352939796157,-0.34698632195863827,False,True
Alphabet Inc.,2023-02-28,2023-03-01,1,flat,flat,0.1553617617014763,0.5125900123926888,0.3320482259058348,0.3320482259058348,-0.18054178648685393,False,True
Alphabet Inc.,2023-03-01,2023-03-02,1,flat,flat,0.1350074918044276,0.6107267459712261,0.2542657622243462,0.2542657622243462,-0.3564609837468799,False,True
Alphabet Inc.,2023-03-02,2023-03-03,1,up,flat,0.11070374011552642,0.6446718774773855,0.24462438240708795,0.24462438240708795,-0.4000474950702976,False,False
Alphabet Inc.,2023-03-03,2023-03-06,1,up,flat,0.12390141825961426,0.46219198148791407,0.4139066002524715,0.4139066002524715,-0.04828538123544257,False,False
Alphabet Inc.,2023-03-06,2023-03-07,1,flat,flat,0.15700119488258796,0.5896869116377017,0.2533118934797103,0.2533118934797103,-0.3363750181579914,False,True
Alphabet Inc.,2023-03-07,2023-03-08,1,flat,flat,0.24608331828724886,0.6244568644130348,0.12945981729971606,0.24608331828724886,-0.378373546125786,False,True
Alphabet Inc.,2023-03-08,2023-03-09,1,down,flat,0.24775785242186088,0.5730231826152956,0.17921896496284334,0.24775785242186088,-0.32526533019343473,False,False
Alphabet Inc.,2023-03-09,2023-03-10,1,down,flat,0.2772527812885419,0.5066263084250278,0.2161209102864301,0.2772527812885419,-0.22937352713648584,False,False
Alphabet Inc.,2023-03-10,2023-03-13,1,flat,flat,0.36745028718319805,0.45068736357303557,0.1818623492437661,0.36745028718319805,-0.08323707638983752,False,True
Alphabet Inc.,2023-03-13,2023-03-14,1,up,flat,0.17148577969895273,0.46018859763093684,0.3683256226701104,0.3683256226701104,-0.09186297496082646,False,False
Alphabet Inc.,2023-03-14,2023-03-15,1,flat,up,0.0523493548494096,0.39466084931822487,0.5529897958323655,0.5529897958323655,0.15832894651414064,True,False
Alphabet Inc.,2023-03-15,2023-03-16,1,up,up,0.11159863212919224,0.29614815244075227,0.5922532154300557,0.5922532154300557,0.29610506298930345,True,True
Alphabet Inc.,2023-03-16,2023-03-17,1,up,up,0.07087332064954566,0.2953717658041081,0.6337549135463465,0.6337549135463465,0.3383831477422384,True,True
Alphabet Inc.,2023-03-17,2023-03-20,1,flat,up,0.1691641862080319,0.3520558226603292,0.4787799911316388,0.4787799911316388,0.12672416847130963,True,False
Alphabet Inc.,2023-03-20,2023-03-21,1,up,flat,0.2961741001929409,0.6164240608139727,0.08740183899308626,0.2961741001929409,-0.32024996062103184,False,False
Alphabet Inc.,2023-03-21,2023-03-22,1,flat,flat,0.1617308404126236,0.4914574361949684,0.34681172339240807,0.34681172339240807,-0.14464571280256033,False,True
Alphabet Inc.,2023-03-22,2023-03-23,1,flat,flat,0.18980972888881037,0.5876906924798635,0.2224995786313259,0.2224995786313259,-0.3651911138485376,False,True
Alphabet Inc.,2023-03-23,2023-03-24,1,flat,flat,0.17673676838463895,0.5924051598132799,0.23085807180208096,0.23085807180208096,-0.36154708801119895,False,True
Alphabet Inc.,2023-03-24,2023-03-27,1,down,flat,0.3202400118709089,0.594765371012961,0.08499461711612975,0.3202400118709089,-0.2745253591420521,False,False
Alphabet Inc.,2023-03-27,2023-03-28,1,down,flat,0.4024349140423499,0.47238688702583154,0.12517819893181853,0.4024349140423499,-0.06995197298348166,False,False
Alphabet Inc.,2023-03-28,2023-03-29,1,flat,down,0.4125084119582699,0.4112181762891748,0.1762734117525551,0.4125084119582699,0.001290235669095141,True,False
Alphabet Inc.,2023-03-29,2023-03-30,1,flat,flat,0.1669740881242021,0.5416203238060003,0.2914055880697975,0.2914055880697975,-0.25021473573620284,False,True
Alphabet Inc.,2023-03-30,2023-03-31,1,flat,flat,0.24527372704321976,0.5026127820323335,0.2521134909244465,0.2521134909244465,-0.250499291107887,False,True
Alphabet Inc.,2023-03-31,2023-04-03,1,flat,flat,0.12015767140567722,0.5032006494526691,0.3766416791416535,0.3766416791416535,-0.1265589703110156,False,True
Alphabet Inc.,2023-04-03,2023-04-04,1,flat,flat,0.20933640339181125,0.5403746860278159,0.25028891058037256,0.25028891058037256,-0.29008577544744335,False,True
Alphabet Inc.,2023-04-04,2023-04-05,1,flat,flat,0.2144407599714632,0.526520300146838,0.2590389398816987,0.2590389398816987,-0.26748136026513936,False,True
Alphabet Inc.,2023-04-05,2023-04-06,1,up,flat,0.2608891173945669,0.5271910216386477,0.21191986096678503,0.2608891173945669,-0.26630190424408084,False,False
Alphabet Inc.,2023-04-06,2023-04-10,1,flat,flat,0.16973216257899382,0.444998591361192,0.38526924605981405,0.38526924605981405,-0.05972934530137797,False,True
Alphabet Inc.,2023-04-10,2023-04-11,1,flat,flat,0.26585092395404697,0.6351553029279751,0.09899377311797769,0.26585092395404697,-0.3693043789739281,False,True
Alphabet Inc.,2023-04-11,2023-04-12,1,flat,flat,0.287461723347636,0.56545173464588,0.1470865420064837,0.287461723347636,-0.2779900112982441,False,True
Alphabet Inc.,2023-04-12,2023-04-13,1,flat,flat,0.2838351920890736,0.4847404573789236,0.23142435053200272,0.2838351920890736,-0.20090526528984998,False,True
Alphabet Inc.,2023-04-13,2023-04-14,1,flat,flat,0.16045280323449027,0.5352253434839238,0.3043218532815858,0.3043218532815858,-0.23090349020233802,False,True
Alphabet Inc.,2023-04-14,2023-04-17,1,down,flat,0.19293884315445975,0.49084699566144846,0.31621416118409157,0.31621416118409157,-0.1746328344773569,False,False
Alphabet Inc.,2023-04-17,2023-04-18,1,flat,down,0.4560271003604037,0.4170805654168427,0.12689233422275356,0.4560271003604037,0.03894653494356104,True,False
Alphabet Inc.,2023-04-18,2023-04-19,1,flat,flat,0.248434022852612,0.46852454427729867,0.2830414328700891,0.2830414328700891,-0.18548311140720958,False,True
Alphabet Inc.,2023-04-19,2023-04-20,1,flat,flat,0.3125668064284988,0.36868587087408966,0.31874732269741146,0.31874732269741146,-0.0499385481766782,False,True
Alphabet Inc.,2023-04-20,2023-04-21,1,flat,up,0.15044098968354716,0.4134800824952914,0.4360789278211612,0.4360789278211612,0.02259884532586981,True,False
Alphabet Inc.,2023-04-21,2023-04-24,1,flat,flat,0.13697632950723002,0.45440553221098534,0.40861813828178445,0.40861813828178445,-0.04578739392920089,False,True
Alphabet Inc.,2023-04-24,2023-04-25,1,flat,up,0.20182822164626654,0.39619906084798084,0.4019727175057525,0.4019727175057525,0.005773656657771631,True,False
Alphabet Inc.,2023-04-25,2023-04-26,1,flat,flat,0.28001483640488045,0.45298241716988374,0.2670027464252357,0.28001483640488045,-0.1729675807650033,False,True
Alphabet Inc.,2023-04-26,2023-04-27,1,up,flat,0.28038765985532477,0.4059289482232926,0.31368339192138256,0.31368339192138256,-0.09224555630191006,False,False
Alphabet Inc.,2023-04-27,2023-04-28,1,flat,up,0.11147055080368579,0.43331281008398426,0.4552166391123298,0.4552166391123298,0.021903829028345534,True,False
Alphabet Inc.,2023-04-28,2023-05-01,1,flat,flat,0.1581683481481621,0.47627423599823326,0.36555741585360446,0.36555741585360446,-0.1107168201446288,False,True
Alphabet Inc.,2023-05-01,2023-05-02,1,down,flat,0.23522742205834185,0.44826004277108245,0.3165125351705754,0.3165125351705754,-0.13174750760050702,False,False
Alphabet Inc.,2023-05-02,2023-05-03,1,flat,flat,0.3655479599718646,0.41974237757086225,0.21470966245727297,0.3655479599718646,-0.054194417598997624,False,True
Alphabet Inc.,2023-05-03,2023-05-04,1,flat,flat,0.22187384622743442,0.4541900888561395,0.32393606491642596,0.32393606491642596,-0.13025402393971353,False,True
Alphabet Inc.,2023-05-04,2023-05-05,1,flat,flat,0.28997721585287956,0.40055899587790667,0.3094637882692136,0.3094637882692136,-0.09109520760869305,False,True
Alphabet Inc.,2023-05-05,2023-05-08,1,flat,flat,0.16646988891538028,0.42825384872368844,0.40527626236093117,0.40527626236093117,-0.022977586362757263,False,True
Alphabet Inc.,2023-05-08,2023-05-09,1,up,flat,0.14178599913010478,0.46720776685997545,0.3910062340099197,0.3910062340099197,-0.07620153285005576,False,False
Alphabet Inc.,2023-05-09,2023-05-10,1,up,up,0.13278752925196435,0.35861869747269254,0.5085937732753429,0.5085937732753429,0.1499750758026504,True,True
Alphabet Inc.,2023-05-10,2023-05-11,1,up,up,0.14558211335801424,0.327205606758253,0.5272122798837328,0.5272122798837328,0.20000667312547976,True,True
Alphabet Inc.,2023-05-11,2023-05-12,1,flat,up,0.07848665855632184,0.40394710912026205,0.5175662323234159,0.5175662323234159,0.11361912320315387,True,False
Alphabet Inc.,2023-05-12,2023-05-15,1,flat,flat,0.21025993177764601,0.6462115981473332,0.1435284700750207,0.21025993177764601,-0.4359516663696872,False,True
Alphabet Inc.,2023-05-15,2023-05-16,1,flat,flat,0.2767678622767942,0.6363732182236934,0.08685891949951231,0.2767678622767942,-0.35960535594689924,False,True
Alphabet Inc.,2023-05-16,2023-05-17,1,up,flat,0.21530197011747057,0.5634624864853688,0.22123554339716028,0.22123554339716028,-0.3422269430882085,False,False
Alphabet Inc.,2023-05-17,2023-05-18,1,up,flat,0.13649242449439067,0.7016530171060058,0.16185455839960336,0.16185455839960336,-0.5397984587064024,False,False
Alphabet Inc.,2023-05-18,2023-05-19,1,flat,flat,0.13676692648753014,0.6752926470885718,0.18794042642389763,0.18794042642389763,-0.4873522206646742,False,True
Alphabet Inc.,2023-05-19,2023-05-22,1,flat,flat,0.18486457116436178,0.6175061623336412,0.19762926650199686,0.19762926650199686,-0.41987689583164434,False,True
Alphabet Inc.,2023-05-22,2023-05-23,1,flat,flat,0.24713224595367625,0.5944237646764693,0.15844398936985427,0.24713224595367625,-0.34729151872279307,False,True
Alphabet Inc.,2023-05-23,2023-05-24,1,down,flat,0.34250282304902413,0.5704385688758382,0.08705860807513766,0.34250282304902413,-0.22793574582681408,False,False
Alphabet Inc.,2023-05-24,2023-05-25,1,up,down,0.44699390039610665,0.42253310123937626,0.13047299836451703,0.44699390039610665,0.024460799156730384,True,False
Alphabet Inc.,2023-05-25,2023-05-26,1,flat,flat,0.13046445742133167,0.5114522521807547,0.3580832903979133,0.3580832903979133,-0.15336896178284143,False,True
Alphabet Inc.,2023-05-26,2023-05-30,1,flat,flat,0.28048585661222636,0.5681217842270059,0.15139235916076743,0.28048585661222636,-0.2876359276147795,False,True
Alphabet Inc.,2023-05-30,2023-05-31,1,flat,flat,0.2599975075328399,0.5155041477325549,0.22449834473460512,0.2599975075328399,-0.25550664019971503,False,True
Alphabet Inc.,2023-05-31,2023-06-01,1,flat,flat,0.3757771006135317,0.45420280065794433,0.1700200987285237,0.3757771006135317,-0.07842570004441263,False,True
Alphabet Inc.,2023-06-01,2023-06-02,1,flat,flat,0.23394974149980613,0.5451136441279172,0.22093661437227644,0.23394974149980613,-0.31116390262811106,False,True
Alphabet Inc.,2023-06-02,2023-06-05,1,flat,flat,0.20033761910411574,0.5635288080534304,0.23613357284245362,0.23613357284245362,-0.3273952352109768,False,True
Alphabet Inc.,2023-06-05,2023-06-06,1,flat,flat,0.21736589336773166,0.49155055954514615,0.29108354708712214,0.29108354708712214,-0.200467012458024,False,True
Alphabet Inc.,2023-06-06,2023-06-07,1,down,flat,0.2153901572913071,0.5538742248944499,0.2307356178142428,0.2307356178142428,-0.32313860708020714,False,False
Alphabet Inc.,2023-06-07,2023-06-08,1,down,flat,0.3592218975010149,0.47658654286509494,0.1641915596338901,0.3592218975010149,-0.11736464536408003,False,False
Alphabet Inc.,2023-06-08,2023-06-09,1,flat,down,0.4667794368838697,0.3402508440737189,0.19296971904241142,0.4667794368838697,0.12652859281015078,True,False
Alphabet Inc.,2023-06-09,2023-06-12,1,flat,up,0.16725320262974605,0.40739481891882595,0.4253519784514279,0.4253519784514279,0.017957159532601963,True,False
Alphabet Inc.,2023-06-12,2023-06-13,1,flat,up,0.14822442227415772,0.39315634725215187,0.45861923047369024,0.45861923047369024,0.06546288322153837,True,False
Alphabet Inc.,2023-06-13,2023-06-14,1,flat,up,0.16107493446638527,0.38925820860702065,0.4496668569265939,0.4496668569265939,0.060408648319573266,True,False
Alphabet Inc.,2023-06-14,2023-06-15,1,flat,flat,0.2904214663610429,0.40475075838441094,0.30482777525454613,0.30482777525454613,-0.0999229831298648,False,True
Alphabet Inc.,2023-06-15,2023-06-16,1,flat,up,0.14877025221155465,0.4154062806572666,0.4358234671311785,0.4358234671311785,0.020417186473911886,True,False
Alphabet Inc.,2023-06-16,2023-06-20,1,down,up,0.18955538630825558,0.363385616149716,0.4470589975420282,0.4470589975420282,0.08367338139231223,True,False
Alphabet Inc.,2023-06-20,2023-06-21,1,down,flat,0.34839869836000925,0.41100328040475964,0.24059802123523116,0.34839869836000925,-0.06260458204475039,False,False
Alphabet Inc.,2023-06-21,2023-06-22,1,flat,up,0.31329954101628354,0.33194402761440917,0.35475643136930723,0.35475643136930723,0.02281240375489807,True,False
Alphabet Inc.,2023-06-22,2023-06-23,1,flat,up,0.2199834346331711,0.3230242507331592,0.4569923146336696,0.4569923146336696,0.13396806390051041,True,False
Alphabet Inc.,2023-06-23,2023-06-26,1,down,up,0.15161748202824316,0.34115844955714025,0.5072240684146164,0.5072240684146164,0.16606561885747617,True,False
Alphabet Inc.,2023-06-26,2023-06-27,1,down,up,0.30655947187989535,0.3286040242606458,0.3648365038594588,0.3648365038594588,0.03623247959881304,True,False
Alphabet Inc.,2023-06-27,2023-06-28,1,flat,up,0.32603429707566783,0.32810156473003155,0.3458641381943005,0.3458641381943005,0.01776257346426896,True,False
Alphabet Inc.,2023-06-28,2023-06-29,1,flat,up,0.12931758953765693,0.36162997154790405,0.5090524389144389,0.5090524389144389,0.1474224673665348,True,False
Alphabet Inc.,2023-06-29,2023-06-30,1,flat,up,0.14966284906826682,0.36694256427422467,0.48339458665750845,0.48339458665750845,0.11645202238328378,True,False
Alphabet Inc.,2023-06-30,2023-07-03,1,flat,up,0.1343443571855114,0.3642720175693843,0.5013836252451043,0.5013836252451043,0.13711160767571995,True,False
Alphabet Inc.,2023-07-03,2023-07-05,1,flat,flat,0.29477703472684946,0.43731934981044307,0.26790361546270736,0.29477703472684946,-0.1425423150835936,False,True
Alphabet Inc.,2023-07-05,2023-07-06,1,flat,up,0.1587458699110888,0.4147330426276056,0.42652108746130535,0.42652108746130535,0.011788044833699773,True,False
Alphabet Inc.,2023-07-06,2023-07-07,1,flat,flat,0.27847196564300736,0.3899576619627888,0.3315703723942036,0.3315703723942036,-0.05838728956858519,False,True
Alphabet Inc.,2023-07-07,2023-07-10,1,down,flat,0.1604663254241745,0.44856374111425,0.3909699334615754,0.3909699334615754,-0.05759380765267463,False,False
Alphabet Inc.,2023-07-10,2023-07-11,1,flat,flat,0.37009440913480307,0.38795448728321125,0.24195110358198552,0.37009440913480307,-0.017860078148408176,False,True
Alphabet Inc.,2023-07-11,2023-07-12,1,up,up,0.2337072656679967,0.36191207033229794,0.4043806639997052,0.4043806639997052,0.04246859366740724,True,True
Alphabet Inc.,2023-07-12,2023-07-13,1,up,up,0.10389848864855988,0.33727030224026894,0.5588312091111711,0.5588312091111711,0.22156090687090219,True,True
Alphabet Inc.,2023-07-13,2023-07-14,1,up,up,0.06955061185986677,0.3339129688239147,0.5965364193162185,0.5965364193162185,0.2626234504923038,True,True
Alphabet Inc.,2023-07-14,2023-07-17,1,flat,flat,0.1402972961371166,0.5606500748401411,0.299052629022742,0.299052629022742,-0.2615974458173991,False,True
Alphabet Inc.,2023-07-17,2023-07-18,1,flat,flat,0.2908773042782437,0.5117249737843131,0.19739772193744298,0.2908773042782437,-0.22084766950606943,False,True
Alphabet Inc.,2023-07-18,2023-07-19,1,flat,flat,0.3623617909984791,0.483223785566054,0.1544144234354668,0.3623617909984791,-0.1208619945675749,False,True
Alphabet Inc.,2023-07-19,2023-07-20,1,down,flat,0.2794876414285734,0.4645156024075833,0.2559967561638432,0.2794876414285734,-0.18502796097900986,False,False
Alphabet Inc.,2023-07-20,2023-07-21,1,flat,flat,0.3821026733060889,0.4056292344278384,0.21226809226607263,0.3821026733060889,-0.0235265611217495,False,True
Alphabet Inc.,2023-07-21,2023-07-24,1,flat,up,0.23527649925711108,0.3739491763469627,0.39077432439592613,0.39077432439592613,0.016825148048963456,True,False
Alphabet Inc.,2023-07-24,2023-07-25,1,flat,flat,0.10613333817053505,0.47621547214058096,0.4176511896888839,0.4176511896888839,-0.05856428245169709,False,True
Alphabet Inc.,2023-07-25,2023-07-26,1,up,up,0.1813979946451691,0.36024886056205474,0.45835314479277606,0.45835314479277606,0.09810428423072132,True,True
Alphabet Inc.,2023-07-26,2023-07-27,1,flat,up,0.051406332237325485,0.35111521163989146,0.5974784561227828,0.5974784561227828,0.24636324448289137,True,False
Alphabet Inc.,2023-07-27,2023-07-28,1,flat,flat,0.24769899656337407,0.5483749268671597,0.20392607656946588,0.24769899656337407,-0.30067593030378564,False,True
Alphabet Inc.,2023-07-28,2023-07-31,1,flat,flat,0.24579198471964608,0.5932726929031122,0.16093532237724156,0.24579198471964608,-0.34748070818346616,False,True
Alphabet Inc.,2023-07-31,2023-08-01,1,flat,flat,0.24298020061612383,0.6163506229885972,0.1406691763952788,0.24298020061612383,-0.3733704223724734,False,True
Alphabet Inc.,2023-08-01,2023-08-02,1,down,flat,0.37520469937661804,0.5045450656629484,0.12025023496043344,0.37520469937661804,-0.1293403662863304,False,False
Alphabet Inc.,2023-08-02,2023-08-03,1,flat,flat,0.38550613126787947,0.4433963707790318,0.17109749795308887,0.38550613126787947,-0.05789023951115235,False,True
Alphabet Inc.,2023-08-03,2023-08-04,1,flat,flat,0.21096564872965717,0.5039799358750783,0.2850544153952643,0.2850544153952643,-0.21892552047981395,False,True
Alphabet Inc.,2023-08-04,2023-08-07,1,flat,flat,0.1836024889137221,0.4418017232062079,0.37459578788007,0.37459578788007,-0.06720593532613794,False,True
Alphabet Inc.,2023-08-07,2023-08-08,1,flat,flat,0.19195720914950798,0.4040703966597074,0.40397239419078446,0.40397239419078446,-9.800246892294195e-05,False,True
Alphabet Inc.,2023-08-08,2023-08-09,1,flat,flat,0.2515066397111782,0.3820068166886653,0.3664865436001564,0.3664865436001564,-0.015520273088508896,False,True
Alphabet Inc.,2023-08-09,2023-08-10,1,flat,flat,0.3401151219400361,0.4039203078203707,0.255964570239593,0.3401151219400361,-0.06380518588033457,False,True
Alphabet Inc.,2023-08-10,2023-08-11,1,flat,flat,0.32365366618075053,0.39964244325246734,0.2767038905667819,0.32365366618075053,-0.0759887770717168,False,True
Alphabet Inc.,2023-08-11,2023-08-14,1,flat,flat,0.3459945675136319,0.3812475432275121,0.27275788925885597,0.3459945675136319,-0.0352529757138802,False,True
Alphabet Inc.,2023-08-14,2023-08-15,1,flat,up,0.1478487034029674,0.39394330295008917,0.4582079936469434,0.4582079936469434,0.06426469069685425,True,False
Alphabet Inc.,2023-08-15,2023-08-16,1,down,flat,0.26274729681028935,0.431229892746402,0.30602281044330837,0.30602281044330837,-0.12520708230309363,False,False
Alphabet Inc.,2023-08-16,2023-08-17,1,flat,flat,0.30779537131859436,0.3761652496534492,0.31603937902795637,0.31603937902795637,-0.06012587062549285,False,True
Alphabet Inc.,2023-08-17,2023-08-18,1,down,up,0.13585442557221553,0.3645145914631345,0.49963098296465,0.49963098296465,0.1351163915015155,True,False
Alphabet Inc.,2023-08-18,2023-08-21,1,flat,down,0.3776737270431157,0.35147662590391104,0.2708496470529731,0.3776737270431157,0.026197101139204648,True,False
Alphabet Inc.,2023-08-21,2023-08-22,1,flat,up,0.2287804595171569,0.3407100380862369,0.4305095023966061,0.4305095023966061,0.08979946431036923,True,False
Alphabet Inc.,2023-08-22,2023-08-23,1,up,up,0.11580081032720439,0.3211353897728302,0.5630637998999655,0.5630637998999655,0.24192841012713528,True,True
Alphabet Inc.,2023-08-23,2023-08-24,1,flat,up,0.09050096893286677,0.30508890213951984,0.6044101289276135,0.6044101289276135,0.29932122678809364,True,False
Alphabet Inc.,2023-08-24,2023-08-25,1,down,up,0.18727065174818402,0.3684182829027609,0.4443110653490552,0.4443110653490552,0.07589278244629427,True,False
Alphabet Inc.,2023-08-25,2023-08-28,1,up,down,0.39025934649060406,0.38793076387399356,0.22180988963540224,0.39025934649060406,0.0023285826166105084,True,False
Alphabet Inc.,2023-08-28,2023-08-29,1,up,up,0.15428365471826527,0.3754986199849959,0.4702177252967388,0.4702177252967388,0.09471910531174288,True,True
Alphabet Inc.,2023-08-29,2023-08-30,1,flat,up,0.10320338878081693,0.3634767278212074,0.5333198833979755,0.5333198833979755,0.16984315557676816,True,False
Alphabet Inc.,2023-08-30,2023-08-31,1,flat,flat,0.14794313132407122,0.45647797241757027,0.3955788962583584,0.3955788962583584,-0.06089907615921186,False,True
Alphabet Inc.,2023-08-31,2023-09-01,1,flat,flat,0.1717047620944714,0.4243290484888049,0.40396618941672363,0.40396618941672363,-0.020362859072081296,False,True
Alphabet Inc.,2023-09-01,2023-09-05,1,flat,flat,0.3223405415009535,0.4869733291503767,0.1906861293486694,0.3223405415009535,-0.16463278764942324,False,True
Alphabet Inc.,2023-09-05,2023-09-06,1,flat,flat,0.39571317852094123,0.42391839038950085,0.18036843108955786,0.39571317852094123,-0.02820521186855962,False,True
Alphabet Inc.,2023-09-06,2023-09-07,1,flat,flat,0.32651857569223786,0.37763784439909653,0.2958435799086657,0.32651857569223786,-0.05111926870685868,False,True
Alphabet Inc.,2023-09-07,2023-09-08,1,flat,flat,0.32288527328322814,0.3590334672678155,0.3180812594489565,0.32288527328322814,-0.03614819398458735,False,True
Alphabet Inc.,2023-09-08,2023-09-11,1,flat,up,0.14581500724830754,0.3521272641979296,0.5020577285537628,0.5020577285537628,0.14993046435583324,True,False
Alphabet Inc.,2023-09-11,2023-09-12,1,flat,up,0.17343861545084,0.3196752214418784,0.5068861631072819,0.5068861631072819,0.18721094166540347,True,False
Alphabet Inc.,2023-09-12,2023-09-13,1,flat,down,0.38034079279013394,0.3714087041018226,0.24825050310804336,0.38034079279013394,0.008932088688311357,True,False
Alphabet Inc.,2023-09-13,2023-09-14,1,up,up,0.336654206406367,0.3184815353290499,0.3448642582645831,0.3448642582645831,0.02638272293553323,True,True
Alphabet Inc.,2023-09-14,2023-09-15,1,flat,up,0.1519865045261103,0.3661951413287649,0.48181835414512475,0.48181835414512475,0.11562321281635984,True,False
Alphabet Inc.,2023-09-15,2023-09-18,1,flat,up,0.25211353668878,0.36853256279183677,0.3793539005193829,0.3793539005193829,0.010821337727546121,True,False
Alphabet Inc.,2023-09-18,2023-09-19,1,flat,flat,0.25181509138753916,0.4597207285973631,0.28846418001509755,0.28846418001509755,-0.17125654858226558,False,True
Alphabet Inc.,2023-09-19,2023-09-20,1,down,flat,0.30842729403883573,0.3604584090744942,0.33111429688667005,0.33111429688667005,-0.02934411218782418,False,False
Alphabet Inc.,2023-09-20,2023-09-21,1,down,flat,0.33596150914830036,0.36230509140656886,0.30173339944513056,0.33596150914830036,-0.026343582258268494,False,False
Alphabet Inc.,2023-09-21,2023-09-22,1,flat,down,0.43300679000782194,0.323018472581425,0.2439747374107527,0.43300679000782194,0.10998831742639692,True,False
Alphabet Inc.,2023-09-22,2023-09-25,1,flat,up,0.21177276005680534,0.2788816404766004,0.5093455994665943,0.5093455994665943,0.2304639589899939,True,False
Alphabet Inc.,2023-09-25,2023-09-26,1,down,up,0.19682998565618834,0.2680112883639656,0.5351587259798462,0.5351587259798462,0.26714743761588056,True,False
Alphabet Inc.,2023-09-26,2023-09-27,1,flat,up,0.23326956129532989,0.3057835489344747,0.46094688977019527,0.46094688977019527,0.1551633408357206,True,False
Alphabet Inc.,2023-09-27,2023-09-28,1,up,up,0.12212619973883684,0.22622662675724853,0.6516471735039148,0.6516471735039148,0.42542054674666624,True,True
Alphabet Inc.,2023-09-28,2023-09-29,1,flat,up,0.10586192746350846,0.2679101512968093,0.6262279212396823,0.6262279212396823,0.358317769942873,True,False
Alphabet Inc.,2023-09-29,2023-10-02,1,flat,up,0.1367527938974979,0.29679491976982975,0.5664522863326724,0.5664522863326724,0.26965736656284267,True,False
Alphabet Inc.,2023-10-02,2023-10-03,1,flat,up,0.1820013552885842,0.33258015190210316,0.4854184928093127,0.4854184928093127,0.15283834090720955,True,False
Alphabet Inc.,2023-10-03,2023-10-04,1,flat,up,0.190014568424885,0.38684138633926946,0.42314404523584537,0.42314404523584537,0.03630265889657591,True,False
Alphabet Inc.,2023-10-04,2023-10-05,1,flat,up,0.15565723132282325,0.4113537599927998,0.4329890086843769,0.4329890086843769,0.021635248691577125,True,False
Alphabet Inc.,2023-10-05,2023-10-06,1,flat,up,0.1880913882948397,0.376614455672185,0.43529415603297555,0.43529415603297555,0.058679700360790565,True,False
Alphabet Inc.,2023-10-06,2023-10-09,1,flat,flat,0.1679208368990777,0.4192367511696191,0.4128424119313031,0.4128424119313031,-0.006394339238316005,False,True
Alphabet Inc.,2023-10-09,2023-10-10,1,flat,flat,0.1738736627227217,0.46426632484848096,0.3618600124287972,0.3618600124287972,-0.10240631241968379,False,True
Alphabet Inc.,2023-10-10,2023-10-11,1,flat,flat,0.19594068705551648,0.4508153765343391,0.35324393641014423,0.35324393641014423,-0.09757144012419489,False,True
Alphabet Inc.,2023-10-11,2023-10-12,1,flat,flat,0.1912230205452528,0.47180325611146656,0.3369737233432804,0.3369737233432804,-0.13482953276818616,False,True
Alphabet Inc.,2023-10-12,2023-10-13,1,flat,flat,0.2848694810034669,0.49179133589268664,0.22333918310384618,0.2848694810034669,-0.20692185488921977,False,True
Alphabet Inc.,2023-10-13,2023-10-16,1,flat,flat,0.38368151748488544,0.42179019955655994,0.19452828295855448,0.38368151748488544,-0.038108682071674504,False,True
Alphabet Inc.,2023-10-16,2023-10-17,1,flat,up,0.21930327785190395,0.3745799440580372,0.40611677809005897,0.40611677809005897,0.03153683403202179,True,False
Alphabet Inc.,2023-10-17,2023-10-18,1,flat,flat,0.28945049905162507,0.38156487147986756,0.32898462946850715,0.32898462946850715,-0.05258024201136041,False,True
Alphabet Inc.,2023-10-18,2023-10-19,1,flat,flat,0.2788923039947323,0.3986670038317379,0.3224406921735295,0.3224406921735295,-0.07622631165820842,False,True
Alphabet Inc.,2023-10-19,2023-10-20,1,down,flat,0.31196602786774597,0.3692662036516532,0.3187677684806007,0.3187677684806007,-0.050498435171052514,False,False
Alphabet Inc.,2023-10-20,2023-10-23,1,flat,down,0.3647328803271197,0.35127808902601476,0.2839890306468654,0.3647328803271197,0.01345479130110494,True,False
Alphabet Inc.,2023-10-23,2023-10-24,1,up,up,0.28769427353601057,0.30220932443413406,0.4100964020298551,0.4100964020298551,0.10788707759572103,True,True
Alphabet Inc.,2023-10-24,2023-10-25,1,down,up,0.09357424614594699,0.28003386661120583,0.6263918872428474,0.6263918872428474,0.3463580206316416,True,False
Alphabet Inc.,2023-10-25,2023-10-26,1,down,down,0.5921069035939881,0.2881168341020452,0.11977626230396651,0.5921069035939881,0.3039900694919429,True,True
Alphabet Inc.,2023-10-26,2023-10-27,1,flat,flat,0.32466158739370266,0.3630755657651131,0.3122628468411841,0.32466158739370266,-0.03841397837141042,False,True
Alphabet Inc.,2023-10-27,2023-10-30,1,flat,up,0.1610613222622671,0.29477881687344204,0.5441598608642906,0.5441598608642906,0.24938104399084854,True,False
Alphabet Inc.,2023-10-30,2023-10-31,1,flat,up,0.10509585278053565,0.33308089216040165,0.5618232550590625,0.5618232550590625,0.22874236289866084,True,False
Alphabet Inc.,2023-10-31,2023-11-01,1,flat,up,0.1388794846026289,0.34969198338461,0.511428532012761,0.511428532012761,0.16173654862815096,True,False
Alphabet Inc.,2023-11-01,2023-11-02,1,up,up,0.15576997025909128,0.3582392005340679,0.48599082920684067,0.48599082920684067,0.1277516286727728,True,True
Alphabet Inc.,2023-11-02,2023-11-03,1,flat,flat,0.16110494316552004,0.45991096406141885,0.3789840927730611,0.3789840927730611,-0.08092687128835774,False,True
Alphabet Inc.,2023-11-03,2023-11-06,1,flat,flat,0.18144712668170332,0.5524542072229361,0.2660986660953605,0.2660986660953605,-0.28635554112757566,False,True
Alphabet Inc.,2023-11-06,2023-11-07,1,flat,flat,0.14556592735664506,0.6629728653835072,0.19146120725984764,0.19146120725984764,-0.4715116581236596,False,True
Alphabet Inc.,2023-11-07,2023-11-08,1,flat,flat,0.127004879131817,0.6301096167372806,0.24288550413090226,0.24288550413090226,-0.38722411260637835,False,True
Alphabet Inc.,2023-11-08,2023-11-09,1,flat,flat,0.1595764453014501,0.6621685871930755,0.17825496750547423,0.17825496750547423,-0.48391361968760127,False,True
Alphabet Inc.,2023-11-09,2023-11-10,1,flat,flat,0.22668210230494357,0.5699247167091932,0.20339318098586323,0.22668210230494357,-0.34324261440424964,False,True
Alphabet Inc.,2023-11-10,2023-11-13,1,flat,flat,0.22274946808227652,0.5448075039540372,0.2324430279636862,0.2324430279636862,-0.312364475990351,False,True
Alphabet Inc.,2023-11-13,2023-11-14,1,up,flat,0.18227704258614097,0.5475193204194853,0.27020363699437355,0.27020363699437355,-0.2773156834251117,False,False
Alphabet Inc.,2023-11-14,2023-11-15,1,flat,flat,0.1287901521413874,0.5420359786253343,0.3291738692332782,0.3291738692332782,-0.21286210939205608,False,True
Alphabet Inc.,2023-11-15,2023-11-16,1,flat,flat,0.2091770161836256,0.5563352464632415,0.23448773735313275,0.23448773735313275,-0.32184750911010873,False,True
Alphabet Inc.,2023-11-16,2023-11-17,1,flat,flat,0.1632331059772736,0.5891816450948449,0.24758524892788142,0.24758524892788142,-0.3415963961669635,False,True
Alphabet Inc.,2023-11-17,2023-11-20,1,flat,flat,0.2783765810437749,0.5589363444817897,0.1626870744744352,0.2783765810437749,-0.28055976343801486,False,True
Alphabet Inc.,2023-11-20,2023-11-21,1,up,flat,0.3125537623025505,0.534298538004176,0.15314769969327333,0.3125537623025505,-0.22174477570162554,False,False
Alphabet Inc.,2023-11-21,2023-11-22,1,up,flat,0.17960241865862553,0.5279072051056255,0.2924903762357487,0.2924903762357487,-0.2354168288698768,False,False
Alphabet Inc.,2023-11-22,2023-11-24,1,flat,up,0.18260608753029725,0.4037704148974134,0.41362349757228956,0.41362349757228956,0.009853082674876168,True,False
Alphabet Inc.,2023-11-24,2023-11-27,1,flat,flat,0.3579756502570929,0.44587235328137076,0.19615199646153636,0.3579756502570929,-0.08789670302427788,False,True
Alphabet Inc.,2023-11-27,2023-11-28,1,flat,flat,0.3267705647065814,0.3664094813324524,0.30681995396096606,0.3267705647065814,-0.03963891662587099,False,True
Alphabet Inc.,2023-11-28,2023-11-29,1,flat,up,0.30186264126964435,0.34062697638217654,0.35751038234817895,0.35751038234817895,0.016883405966002407,True,False
Alphabet Inc.,2023-11-29,2023-11-30,1,down,up,0.24693045913612083,0.3658164442455427,0.3872530966183362,0.3872530966183362,0.021436652372793463,True,False
Alphabet Inc.,2023-11-30,2023-12-01,1,down,down,0.36910533582468324,0.3537602505441993,0.2771344136311173,0.36910533582468324,0.01534508528048395,True,True
Alphabet Inc.,2023-12-01,2023-12-04,1,down,up,0.3076239442142171,0.337707422119176,0.3546686336666066,0.3546686336666066,0.016961211547430632,True,False
Alphabet Inc.,2023-12-04,2023-12-05,1,flat,up,0.31045027895440447,0.32545350436641834,0.36409621667917685,0.36409621667917685,0.03864271231275851,True,False
Alphabet Inc.,2023-12-05,2023-12-06,1,flat,up,0.12555587210882974,0.23960775372994575,0.6348363741612246,0.6348363741612246,0.3952286204312789,True,False
Alphabet Inc.,2023-12-06,2023-12-07,1,up,up,0.11694338830989358,0.25477733641306816,0.6282792752770383,0.6282792752770383,0.37350193886397015,True,True
Alphabet Inc.,2023-12-07,2023-12-08,1,flat,up,0.06603543041331215,0.24347661372731472,0.6904879558593733,0.6904879558593733,0.44701134213205856,True,False
Alphabet Inc.,2023-12-08,2023-12-11,1,down,flat,0.37804200954497125,0.4189639277408041,0.2029940627142245,0.37804200954497125,-0.04092191819583285,False,False
Alphabet Inc.,2023-12-11,2023-12-12,1,flat,flat,0.39146694105372193,0.4011593815127877,0.20737367743349017,0.39146694105372193,-0.009692440459065754,False,True
Alphabet Inc.,2023-12-12,2023-12-13,1,flat,flat,0.2592112247671171,0.41558691805776826,0.3252018571751145,0.3252018571751145,-0.09038506088265374,False,True
Alphabet Inc.,2023-12-13,2023-12-14,1,flat,up,0.14647462660042948,0.3854499567159636,0.4680754166836068,0.4680754166836068,0.0826254599676432,True,False
Alphabet Inc.,2023-12-14,2023-12-15,1,flat,flat,0.21366264799375345,0.43362155425853877,0.35271579774770756,0.35271579774770756,-0.0809057565108312,False,True
Alphabet Inc.,2023-12-15,2023-12-18,1,up,up,0.19227165118460302,0.33546957245492126,0.47225877636047564,0.47225877636047564,0.13678920390555438,True,True
Alphabet Inc.,2023-12-18,2023-12-19,1,up,up,0.12812283178509193,0.3911237305479761,0.48075343766693185,0.48075343766693185,0.08962970711895574,True,True
Alphabet Inc.,2023-12-19,2023-12-20,1,up,flat,0.15409769941693485,0.4303998472276738,0.4155024533553911,0.4155024533553911,-0.014897393872282727,False,False
Alphabet Inc.,2023-12-20,2023-12-21,1,flat,up,0.12518093417257956,0.3893840480235066,0.4854350178039136,0.4854350178039136,0.096050969780407,True,False
Alphabet Inc.,2023-12-21,2023-12-22,1,flat,flat,0.20608998200589354,0.5413085083092826,0.25260150968482376,0.25260150968482376,-0.2887069986244588,False,True
Alphabet Inc.,2023-12-22,2023-12-26,1,flat,flat,0.20407697703591263,0.5141218904854947,0.28180113247859273,0.28180113247859273,-0.232320758006902,False,True
Alphabet Inc.,2023-12-26,2023-12-27,1,flat,flat,0.20347430048174986,0.5779450585523022,0.21858064096594781,0.21858064096594781,-0.35936441758635435,False,True
Alphabet Inc.,2023-12-27,2023-12-28,1,flat,flat,0.3067901763603647,0.49767344690174065,0.19553637673789437,0.3067901763603647,-0.19088327054137594,False,True
Alphabet Inc.,2023-12-28,2023-12-29,1,flat,flat,0.3159331435631283,0.4598456486046433,0.2242212078322283,0.3159331435631283,-0.14391250504151498,False,True
Alphabet Inc.,2023-12-29,2024-01-02,1,down,flat,0.3064510747400201,0.3999976521558424,0.2935512731041374,0.3064510747400201,-0.09354657741582229,False,False
Alphabet Inc.,2024-01-02,2024-01-03,1,flat,flat,0.3254957181706568,0.34651847410031994,0.32798580772902314,0.32798580772902314,-0.018532666371296802,False,True
Alphabet Inc.,2024-01-03,2024-01-04,1,flat,up,0.21991161804058024,0.3124811269621356,0.4676072549972843,0.4676072549972843,0.1551261280351487,True,False
Alphabet Inc.,2024-01-04,2024-01-05,1,flat,up,0.2680220125115591,0.3006592910098962,0.4313186964785447,0.4313186964785447,0.13065940546864852,True,False
Alphabet Inc.,2024-01-05,2024-01-08,1,flat,up,0.29669082809914926,0.2998675375755408,0.40344163432531,0.40344163432531,0.1035740967497692,True,False
Alphabet Inc.,2024-01-08,2024-01-09,1,up,up,0.14207881181605242,0.26832786305083756,0.5895933251331102,0.5895933251331102,0.3212654620822727,True,True
Alphabet Inc.,2024-01-09,2024-01-10,1,up,up,0.13864781437316326,0.30211384334772484,0.5592383422791123,0.5592383422791123,0.25712449893138745,True,True
Alphabet Inc.,2024-01-10,2024-01-11,1,flat,up,0.18181775289243346,0.34825063305464216,0.4699316140529245,0.4699316140529245,0.12168098099828234,True,False
Alphabet Inc.,2024-01-11,2024-01-12,1,flat,flat,0.19595234799501068,0.40971102504005896,0.3943366269649303,0.3943366269649303,-0.015374398075128637,False,True
Alphabet Inc.,2024-01-12,2024-01-16,1,flat,flat,0.31088418684893004,0.474006500714657,0.21510931243641282,0.31088418684893004,-0.16312231386572695,False,True
Alphabet Inc.,2024-01-16,2024-01-17,1,down,flat,0.25566974091859096,0.47170243018306574,0.27262782889834314,0.27262782889834314,-0.1990746012847226,False,False
Alphabet Inc.,2024-01-17,2024-01-18,1,up,flat,0.3476938115725557,0.3738539721448977,0.2784522162825467,0.3476938115725557,-0.026160160572341995,False,False
Alphabet Inc.,2024-01-18,2024-01-19,1,up,up,0.11381297220478831,0.3626530388313426,0.523533988963869,0.523533988963869,0.16088095013252646,True,True
Alphabet Inc.,2024-01-19,2024-01-22,1,flat,up,0.10419168408983412,0.3562195908105642,0.5395887250996017,0.5395887250996017,0.18336913428903745,True,False
Alphabet Inc.,2024-01-22,2024-01-23,1,flat,flat,0.18008096567613047,0.43042069133937827,0.38949834298449093,0.38949834298449093,-0.04092234835488734,False,True
Alphabet Inc.,2024-01-23,2024-01-24,1,up,flat,0.3633037349838513,0.42051802793310566,0.21617823708304298,0.3633037349838513,-0.05721429294925434,False,False
Alphabet Inc.,2024-01-24,2024-01-25,1,up,flat,0.1644730507181068,0.41906694737285555,0.41646000190903754,0.41646000190903754,-0.002606945463818011,False,False
Alphabet Inc.,2024-01-25,2024-01-26,1,flat,flat,0.16607369747091216,0.4894878568413489,0.3444384456877388,0.3444384456877388,-0.14504941115361009,False,True
Alphabet Inc.,2024-01-26,2024-01-29,1,flat,flat,0.1981754165594572,0.5463443520547677,0.2554802313857749,0.2554802313857749,-0.2908641206689928,False,True
Alphabet Inc.,2024-01-29,2024-01-30,1,flat,flat,0.20546009452845565,0.518580525240276,0.27595938023126826,0.27595938023126826,-0.24262114500900772,False,True
Alphabet Inc.,2024-01-30,2024-01-31,1,down,flat,0.309202800877473,0.5072452000361493,0.18355199908637757,0.309202800877473,-0.19804239915867627,False,False
Alphabet Inc.,2024-01-31,2024-02-01,1,flat,down,0.5763598002284983,0.3257141042117939,0.09792609555970763,0.5763598002284983,0.2506456960167044,True,False
Alphabet Inc.,2024-02-01,2024-02-02,1,down,flat,0.17538777644223186,0.43092120380118853,0.39369101975657933,0.39369101975657933,-0.037230184044609205,False,False
Alphabet Inc.,2024-02-02,2024-02-05,1,up,up,0.2342682029748992,0.3428765338742069,0.42285526315089367,0.42285526315089367,0.07997872927668676,True,True
Alphabet Inc.,2024-02-05,2024-02-06,1,flat,up,0.09236785591123828,0.35533291233677905,0.5522992317519826,0.5522992317519826,0.19696631941520354,True,False
Alphabet Inc.,2024-02-06,2024-02-07,1,flat,up,0.16246976870974955,0.32636077021422477,0.5111694610760256,0.5111694610760256,0.1848086908618008,True,False
Alphabet Inc.,2024-02-07,2024-02-08,1,flat,up,0.25140124249595674,0.3082023628449939,0.4403963946590491,0.4403963946590491,0.1321940318140552,True,False
Alphabet Inc.,2024-02-08,2024-02-09,1,up,up,0.2640692036140915,0.32467977221855493,0.4112510241673536,0.4112510241673536,0.08657125194879867,True,True
Alphabet Inc.,2024-02-09,2024-02-12,1,flat,flat,0.14310233065686695,0.4532830639468616,0.4036146053962713,0.4036146053962713,-0.049668458550590266,False,True
Alphabet Inc.,2024-02-12,2024-02-13,1,down,flat,0.24349761043472218,0.5169857558916466,0.23951663367363102,0.24349761043472218,-0.27348814545692446,False,False
Alphabet Inc.,2024-02-13,2024-02-14,1,flat,flat,0.34742466467073213,0.4140846590850362,0.23849067624423137,0.34742466467073213,-0.06665999441430409,False,True
Alphabet Inc.,2024-02-14,2024-02-15,1,down,up,0.1755041824415896,0.4119616176659324,0.41253419989247786,0.41253419989247786,0.0005725822265454372,True,False
Alphabet Inc.,2024-02-15,2024-02-16,1,flat,flat,0.37307799473619274,0.38479173958192914,0.2421302656818779,0.37307799473619274,-0.011713744845736396,False,True
Alphabet Inc.,2024-02-16,2024-02-20,1,flat,up,0.23230388372152563,0.3671753818654122,0.4005207344130619,0.4005207344130619,0.0333453525476497,True,False
Alphabet Inc.,2024-02-20,2024-02-21,1,flat,up,0.21798686961206026,0.34214497206845473,0.43986815831948484,0.43986815831948484,0.0977231862510301,True,False
Alphabet Inc.,2024-02-21,2024-02-22,1,up,up,0.13519927608166554,0.34123327783026697,0.5235674460880674,0.5235674460880674,0.1823341682578004,True,True
Alphabet Inc.,2024-02-22,2024-02-23,1,flat,up,0.11885536759516771,0.3370395865985684,0.5441050458062637,0.5441050458062637,0.2070654592076953,True,False
Alphabet Inc.,2024-02-23,2024-02-26,1,down,flat,0.26778278515598736,0.42557568837429255,0.30664152646971987,0.30664152646971987,-0.11893416190457268,False,False
Alphabet Inc.,2024-02-26,2024-02-27,1,down,down,0.4212806113290114,0.3715170683410883,0.20720232032990019,0.4212806113290114,0.049763542987923126,True,True
Alphabet Inc.,2024-02-27,2024-02-28,1,down,up,0.2775240828255854,0.342416632182867,0.3800592849915476,0.3800592849915476,0.03764265280868062,True,False
Alphabet Inc.,2024-02-28,2024-02-29,1,flat,flat,0.2677598686874404,0.37566366784052124,0.35657646347203803,0.35657646347203803,-0.019087204368483213,False,True
Alphabet Inc.,2024-02-29,2024-03-01,1,flat,up,0.11900571503258797,0.2869303907812832,0.5940638941861289,0.5940638941861289,0.30713350340484574,True,False
Alphabet Inc.,2024-03-01,2024-03-04,1,down,up,0.1987700692409919,0.34249020394332536,0.45873972681568254,0.45873972681568254,0.11624952287235718,True,False
Alphabet Inc.,2024-03-04,2024-03-05,1,down,down,0.3824629349672072,0.34265837121914827,0.2748786938136442,0.3824629349672072,0.03980456374805891,True,True
Alphabet Inc.,2024-03-05,2024-03-06,1,flat,up,0.2850633065501857,0.3296976395290091,0.38523905392080493,0.38523905392080493,0.05554141439179583,True,False
Alphabet Inc.,2024-03-06,2024-03-07,1,flat,up,0.13751672961860956,0.24047075837903686,0.6220125120023539,0.6220125120023539,0.381541753623317,True,False
Alphabet Inc.,2024-03-07,2024-03-08,1,up,up,0.1129942972458444,0.29536185724041286,0.5916438455137427,0.5916438455137427,0.29628198827332985,True,True
Alphabet Inc.,2024-03-08,2024-03-11,1,up,up,0.09230658636893799,0.3175210688565945,0.5901723447744676,0.5901723447744676,0.2726512759178731,True,True
Alphabet Inc.,2024-03-11,2024-03-12,1,flat,up,0.1399272407733005,0.36863600167210525,0.49143675755459426,0.49143675755459426,0.12280075588248901,True,False
Alphabet Inc.,2024-03-12,2024-03-13,1,flat,flat,0.2123634315096755,0.4244032273670156,0.36323334112330885,0.36323334112330885,-0.06116988624370673,False,True
Alphabet Inc.,2024-03-13,2024-03-14,1,up,flat,0.1543899990062831,0.46830620234680576,0.37730379864691094,0.37730379864691094,-0.09100240369989482,False,False
Alphabet Inc.,2024-03-14,2024-03-15,1,flat,up,0.1226840990188461,0.4122872905653471,0.4650286104158067,0.4650286104158067,0.0527413198504596,True,False
Alphabet Inc.,2024-03-15,2024-03-18,1,up,flat,0.25119426842822395,0.5465774073455163,0.20222832422625964,0.25119426842822395,-0.29538313891729234,False,False
Alphabet Inc.,2024-03-18,2024-03-19,1,flat,up,0.07275550345417564,0.41762539992189307,0.5096190966239313,0.5096190966239313,0.09199369670203827,True,False
Alphabet Inc.,2024-03-19,2024-03-20,1,flat,flat,0.3094529285903215,0.5868142639492002,0.10373280746047828,0.3094529285903215,-0.27736133535887875,False,True
Alphabet Inc.,2024-03-20,2024-03-21,1,flat,flat,0.21926345195191183,0.5687879133370466,0.21194863471104147,0.21926345195191183,-0.34952446138513477,False,True
Alphabet Inc.,2024-03-21,2024-03-22,1,flat,flat,0.2328200788087518,0.503912679271391,0.26326724191985695,0.26326724191985695,-0.2406454373515341,False,True
Alphabet Inc.,2024-03-22,2024-03-25,1,flat,flat,0.1952771223241164,0.5489826928926118,0.25574018478327165,0.25574018478327165,-0.29324250810934016,False,True
Alphabet Inc.,2024-03-25,2024-03-26,1,flat,flat,0.3160058039924991,0.5205121099899596,0.16348208601754116,0.3160058039924991,-0.20450630599746045,False,True
Alphabet Inc.,2024-03-26,2024-03-27,1,flat,flat,0.18568741408515693,0.45302215612317237,0.3612904297916707,0.3612904297916707,-0.09173172633150167,False,True
Alphabet Inc.,2024-03-27,2024-03-28,1,flat,flat,0.39636745269418433,0.43296473036113525,0.17066781694468025,0.39636745269418433,-0.03659727766695092,False,True
Alphabet Inc.,2024-03-28,2024-04-01,1,up,flat,0.24347574584039589,0.42767516504471026,0.3288490891148938,0.3288490891148938,-0.09882607592981646,False,False
Alphabet Inc.,2024-04-01,2024-04-02,1,flat,flat,0.18548325656197137,0.45352221100668666,0.36099453243134194,0.36099453243134194,-0.09252767857534472,False,True
Alphabet Inc.,2024-04-02,2024-04-03,1,flat,flat,0.2578232762358476,0.45248241603010386,0.2896943077340486,0.2896943077340486,-0.16278810829605528,False,True
Alphabet Inc.,2024-04-03,2024-04-04,1,flat,flat,0.272584096848088,0.4388756725413536,0.28854023061055817,0.28854023061055817,-0.15033544193079545,False,True
Alphabet Inc.,2024-04-04,2024-04-05,1,flat,down,0.4069123704386217,0.4031861960656006,0.18990143349577754,0.4069123704386217,0.0037261743730211405,True,False
Alphabet Inc.,2024-04-05,2024-04-08,1,up,flat,0.37474330626077035,0.3756794846251479,0.24957720911408215,0.37474330626077035,-0.0009361783643775379,False,False
Alphabet Inc.,2024-04-08,2024-04-09,1,up,up,0.15184013189696852,0.36669208488719496,0.4814677832158366,0.4814677832158366,0.11477569832864165,True,True
Alphabet Inc.,2024-04-09,2024-04-10,1,flat,up,0.1540025436332376,0.4126563262175932,0.4333411301491691,0.4333411301491691,0.0206848039315759,True,False
Alphabet Inc.,2024-04-10,2024-04-11,1,up,flat,0.35559852285552884,0.4376284596830823,0.20677301746138893,0.35559852285552884,-0.08202993682755344,False,False
Alphabet Inc.,2024-04-11,2024-04-12,1,flat,flat,0.18880721040204496,0.46750522392446836,0.34368756567348663,0.34368756567348663,-0.12381765825098173,False,True
Alphabet Inc.,2024-04-12,2024-04-15,1,flat,flat,0.2838102269204816,0.4965055369569018,0.21968423612261634,0.2838102269204816,-0.21269531003642023,False,True
Alphabet Inc.,2024-04-15,2024-04-16,1,down,flat,0.3176101459211811,0.4671410259431459,0.21524882813567286,0.3176101459211811,-0.1495308800219648,False,False
Alphabet Inc.,2024-04-16,2024-04-17,1,flat,down,0.3816116336048183,0.331719553366135,0.2866688130290469,0.3816116336048183,0.0498920802386833,True,False
Alphabet Inc.,2024-04-17,2024-04-18,1,flat,up,0.15534819826792767,0.3032643266706136,0.541387475061459,0.541387475061459,0.23812314839084542,True,False
Alphabet Inc.,2024-04-18,2024-04-19,1,flat,up,0.25844666278071937,0.29861397976355186,0.44293935745572877,0.44293935745572877,0.1443253776921769,True,False
Alphabet Inc.,2024-04-19,2024-04-22,1,flat,flat,0.23697329041511483,0.3931951638505934,0.36983154573429156,0.36983154573429156,-0.023363618116301832,False,True
Alphabet Inc.,2024-04-22,2024-04-23,1,up,up,0.1658875530157733,0.27197285422037865,0.5621395927638484,0.5621395927638484,0.29016673854346975,True,True
Alphabet Inc.,2024-04-23,2024-04-24,1,flat,up,0.15094176651576996,0.3072345078123109,0.5418237256719192,0.5418237256719192,0.2345892178596083,True,False
Alphabet Inc.,2024-04-24,2024-04-25,1,down,up,0.18431579951589244,0.3366150530001403,0.4790691474839673,0.4790691474839673,0.142454094483827,True,False
Alphabet Inc.,2024-04-25,2024-04-26,1,up,down,0.4173092940906228,0.3591239773816419,0.22356672852773518,0.4173092940906228,0.05818531670898086,True,False
Alphabet Inc.,2024-04-26,2024-04-29,1,down,up,0.049929126519799936,0.32183115369529675,0.628239719784903,0.628239719784903,0.30640856608960626,True,False
Alphabet Inc.,2024-04-29,2024-04-30,1,down,flat,0.43762924145484755,0.4973688629936694,0.06500189555148289,0.43762924145484755,-0.05973962153882184,False,False
Alphabet Inc.,2024-04-30,2024-05-01,1,flat,flat,0.30858307586797473,0.6143153020605829,0.07710162207144208,0.30858307586797473,-0.3057322261926082,False,True
Alphabet Inc.,2024-05-01,2024-05-02,1,flat,flat,0.2969257158822127,0.5299163288487809,0.17315795526900613,0.2969257158822127,-0.2329906129665682,False,True
Alphabet Inc.,2024-05-02,2024-05-03,1,flat,flat,0.19261004815284913,0.6021962423009272,0.20519370954622357,0.20519370954622357,-0.3970025327547036,False,True
Alphabet Inc.,2024-05-03,2024-05-06,1,flat,flat,0.13906217404846657,0.5866923071931088,0.2742455187584244,0.2742455187584244,-0.31244678843468443,False,True
Alphabet Inc.,2024-05-06,2024-05-07,1,flat,flat,0.15413480546738662,0.554341143506628,0.29152405102598516,0.29152405102598516,-0.26281709248064283,False,True
Alphabet Inc.,2024-05-07,2024-05-08,1,flat,flat,0.2388293303175288,0.5252398916626722,0.23593077801979878,0.2388293303175288,-0.28641056134514337,False,True
Alphabet Inc.,2024-05-08,2024-05-09,1,flat,flat,0.34345152246002203,0.5097551244177283,0.1467933531222495,0.34345152246002203,-0.16630360195770627,False,True
Alphabet Inc.,2024-05-09,2024-05-10,1,flat,flat,0.24458037068752675,0.5989203863361174,0.1564992429763557,0.24458037068752675,-0.3543400156485907,False,True
Alphabet Inc.,2024-05-10,2024-05-13,1,flat,flat,0.3278082095333932,0.4754208986272982,0.19677089183930846,0.3278082095333932,-0.14761268909390501,False,True
Alphabet Inc.,2024-05-13,2024-05-14,1,up,flat,0.32208194045530003,0.4615953727742858,0.21632268677041394,0.32208194045530003,-0.13951343231898578,False,False
Alphabet Inc.,2024-05-14,2024-05-15,1,flat,flat,0.13680614210450076,0.49698056175251937,0.3662132961429797,0.3662132961429797,-0.13076726560953966,False,True
Alphabet Inc.,2024-05-15,2024-05-16,1,flat,flat,0.1683027528329062,0.514241401451461,0.3174558457156327,0.3174558457156327,-0.19678555573582834,False,True
Alphabet Inc.,2024-05-16,2024-05-17,1,flat,flat,0.17966673692990265,0.5536531502448527,0.2666801128252444,0.2666801128252444,-0.28697303741960833,False,True
Alphabet Inc.,2024-05-17,2024-05-20,1,flat,flat,0.18205845992578454,0.58927169575842,0.22866984431579543,0.22866984431579543,-0.3606018514426246,False,True
Alphabet Inc.,2024-05-20,2024-05-21,1,flat,flat,0.1674940693003062,0.6263060790977372,0.20619985160195653,0.20619985160195653,-0.42010622749578064,False,True
Alphabet Inc.,2024-05-21,2024-05-22,1,flat,flat,0.1792872598560375,0.663109577829722,0.15760316231424035,0.1792872598560375,-0.4838223179736845,False,True
Alphabet Inc.,2024-05-22,2024-05-23,1,flat,flat,0.23588469991226838,0.6203701614118653,0.14374513867586614,0.23588469991226838,-0.38448546149959695,False,True
Alphabet Inc.,2024-05-23,2024-05-24,1,flat,flat,0.2587507953312983,0.5416094938271867,0.1996397108415147,0.2587507953312983,-0.2828586984958884,False,True
Alphabet Inc.,2024-05-24,2024-05-28,1,flat,flat,0.29939013019772703,0.3927209299502187,0.30788893985205423,0.30788893985205423,-0.08483199009816444,False,True
Alphabet Inc.,2024-05-28,2024-05-29,1,flat,up,0.16002505901438852,0.2911997059834695,0.548775235002142,0.548775235002142,0.2575755290186725,True,False
Alphabet Inc.,2024-05-29,2024-05-30,1,down,up,0.19435142599421962,0.363063999489127,0.4425845745166531,0.4425845745166531,0.07952057502752613,True,False
Alphabet Inc.,2024-05-30,2024-05-31,1,down,up,0.3084010818307507,0.34499821530930563,0.34660070285994343,0.34660070285994343,0.001602487550637799,True,False
Alphabet Inc.,2024-05-31,2024-06-03,1,flat,up,0.2824327902375159,0.33194791007735447,0.38561929968512937,0.38561929968512937,0.0536713896077749,True,False
Alphabet Inc.,2024-06-03,2024-06-04,1,flat,up,0.14618345341883737,0.26804929526357435,0.5857672513175883,0.5857672513175883,0.317717956054014,True,False
Alphabet Inc.,2024-06-04,2024-06-05,1,up,up,0.14610971037599693,0.33373944586665955,0.5201508437573433,0.5201508437573433,0.18641139789068378,True,True
Alphabet Inc.,2024-06-05,2024-06-06,1,flat,up,0.09919837874334594,0.2938332458850041,0.6069683753716499,0.6069683753716499,0.31313512948664585,True,False
Alphabet Inc.,2024-06-06,2024-06-07,1,flat,up,0.1500340005142388,0.3191946124882719,0.5307713869974893,0.5307713869974893,0.21157677450921736,True,False
Alphabet Inc.,2024-06-07,2024-06-10,1,flat,flat,0.2712250977209928,0.41692602792522193,0.311848874353785,0.311848874353785,-0.10507715357143693,False,True
Alphabet Inc.,2024-06-10,2024-06-11,1,flat,flat,0.3269704132844997,0.3709901876698086,0.30203939904569166,0.3269704132844997,-0.04401977438530891,False,True
Alphabet Inc.,2024-06-11,2024-06-12,1,up,up,0.1743101901395577,0.29896222315228593,0.5267275867081566,0.5267275867081566,0.22776536355587063,True,True
Alphabet Inc.,2024-06-12,2024-06-13,1,down,up,0.12190961571390388,0.29540913050945306,0.5826812537766433,0.5826812537766433,0.2872721232671902,True,False
Alphabet Inc.,2024-06-13,2024-06-14,1,flat,flat,0.33536406469272717,0.34298825222053025,0.3216476830867425,0.33536406469272717,-0.0076241875278030835,False,True
Alphabet Inc.,2024-06-14,2024-06-15,1,flat,up,0.25841277618506675,0.32606679322826043,0.4155204305866727,0.4155204305866727,0.08945363735841227,True,False
"Amazon.com, Inc.",2021-07-27,2021-07-28,1,flat,down,0.41228832668012816,0.37149241942290645,0.2162192538969653,0.41228832668012816,0.04079590725722171,True,False
"Amazon.com, Inc.",2021-07-28,2021-07-29,1,flat,flat,0.31238945807996116,0.47759178057235363,0.21001876134768513,0.31238945807996116,-0.16520232249239247,False,True
"Amazon.com, Inc.",2021-07-29,2021-07-30,1,down,down,0.42709771208321057,0.31465717594326637,0.25824511197352307,0.42709771208321057,0.1124405361399442,True,True
"Amazon.com, Inc.",2021-07-30,2021-08-02,1,flat,down,0.6038748454214745,0.19587714443847778,0.2002480101400477,0.6038748454214745,0.4079977009829967,True,False
"Amazon.com, Inc.",2021-08-02,2021-08-03,1,flat,flat,0.18155819267554887,0.5271694823885252,0.29127232493592575,0.29127232493592575,-0.23589715745259948,False,True
"Amazon.com, Inc.",2021-08-03,2021-08-04,1,flat,up,0.23339515689210266,0.3656585491389369,0.4009462939689602,0.4009462939689602,0.03528774483002328,True,False
"Amazon.com, Inc.",2021-08-04,2021-08-05,1,flat,flat,0.22070308552145992,0.53587153383442,0.24342538064411998,0.24342538064411998,-0.2924461531903,False,True
"Amazon.com, Inc.",2021-08-05,2021-08-06,1,flat,flat,0.2786698632048954,0.42428411307307157,0.2970460237220328,0.2970460237220328,-0.12723808935103875,False,True
"Amazon.com, Inc.",2021-08-06,2021-08-09,1,flat,flat,0.26555651843745265,0.42841700182901554,0.3060264797335315,0.3060264797335315,-0.12239052209548407,False,True
"Amazon.com, Inc.",2021-08-09,2021-08-10,1,flat,flat,0.23434984245692517,0.49020156609566756,0.2754485914474069,0.2754485914474069,-0.21475297464826065,False,True
"Amazon.com, Inc.",2021-08-10,2021-08-11,1,flat,flat,0.2336926724906156,0.4445199575051673,0.3217873700042168,0.3217873700042168,-0.12273258750095051,False,True
"Amazon.com, Inc.",2021-08-11,2021-08-12,1,flat,flat,0.2938820977468319,0.4353883290784958,0.27072957317467217,0.2938820977468319,-0.1415062313316639,False,True
"Amazon.com, Inc.",2021-08-12,2021-08-13,1,flat,flat,0.25434191492637276,0.5089378453568996,0.2367202397167274,0.25434191492637276,-0.2545959304305268,False,True
"Amazon.com, Inc.",2021-08-13,2021-08-16,1,flat,flat,0.24133319924558855,0.5077662710916359,0.25090052966277554,0.25090052966277554,-0.2568657414288603,False,True
"Amazon.com, Inc.",2021-08-16,2021-08-17,1,flat,flat,0.30036498291964053,0.4193921895340374,0.2802428275463219,0.30036498291964053,-0.11902720661439686,False,True
"Amazon.com, Inc.",2021-08-17,2021-08-18,1,flat,flat,0.3028136179456401,0.42798246990541833,0.26920391214894146,0.3028136179456401,-0.12516885195977823,False,True
"Amazon.com, Inc.",2021-08-18,2021-08-19,1,flat,flat,0.3061515676881596,0.45105384877698473,0.24279458353485556,0.3061515676881596,-0.14490228108882514,False,True
"Amazon.com, Inc.",2021-08-19,2021-08-20,1,flat,flat,0.3012616127123975,0.36207051400419976,0.3366678732834026,0.3366678732834026,-0.025402640720797176,False,True
"Amazon.com, Inc.",2021-08-20,2021-08-23,1,up,flat,0.27124690713466315,0.4045930055855463,0.3241600872797906,0.3241600872797906,-0.08043291830575566,False,False
"Amazon.com, Inc.",2021-08-23,2021-08-24,1,up,flat,0.1880586907111434,0.4415183402977412,0.37042296899111526,0.37042296899111526,-0.07109537130662591,False,False
"Amazon.com, Inc.",2021-08-24,2021-08-25,1,flat,flat,0.182249202729322,0.5170282159953679,0.30072258127531,0.30072258127531,-0.21630563472005787,False,True
"Amazon.com, Inc.",2021-08-25,2021-08-26,1,flat,flat,0.2560290339244806,0.564091297282987,0.17987966879253203,0.2560290339244806,-0.3080622633585064,False,True
"Amazon.com, Inc.",2021-08-26,2021-08-27,1,flat,flat,0.2491253604795732,0.5034280526775663,0.24744658684286008,0.2491253604795732,-0.25430269219799306,False,True
"Amazon.com, Inc.",2021-08-27,2021-08-30,1,up,flat,0.20551316090579705,0.4314570956895527,0.3630297434046502,0.3630297434046502,-0.06842735228490249,False,False
"Amazon.com, Inc.",2021-08-30,2021-08-31,1,up,up,0.17119017360989489,0.32808716416277206,0.5007226622273331,0.5007226622273331,0.17263549806456102,True,True
"Amazon.com, Inc.",2021-08-31,2021-09-01,1,up,up,0.2502871351179034,0.2584552531477028,0.49125761173439386,0.49125761173439386,0.23280235858669107,True,True
"Amazon.com, Inc.",2021-09-01,2021-09-02,1,flat,flat,0.2953224145231813,0.4568318832845084,0.24784570219231017,0.2953224145231813,-0.1615094687613271,False,True
"Amazon.com, Inc.",2021-09-02,2021-09-03,1,flat,flat,0.41390378025661057,0.41538326368053324,0.17071295606285605,0.41390378025661057,-0.0014794834239226784,False,True
"Amazon.com, Inc.",2021-09-03,2021-09-07,1,up,flat,0.39813866659507663,0.40781249549853327,0.19404883790638994,0.39813866659507663,-0.009673828903456638,False,False
"Amazon.com, Inc.",2021-09-07,2021-09-08,1,flat,flat,0.27613040316175197,0.42291272807273095,0.3009568687655169,0.3009568687655169,-0.12195585930721403,False,True
"Amazon.com, Inc.",2021-09-08,2021-09-09,1,flat,flat,0.3019016794896199,0.40926917629918336,0.28882914421119654,0.3019016794896199,-0.10736749680956348,False,True
"Amazon.com, Inc.",2021-09-09,2021-09-10,1,flat,down,0.40824532008203795,0.3889700553933256,0.20278462452463625,0.40824532008203795,0.01927526468871238,True,False
"Amazon.com, Inc.",2021-09-10,2021-09-13,1,flat,down,0.406832758339873,0.38750421472343455,0.2056630269366924,0.406832758339873,0.01932854361643843,True,False
"Amazon.com, Inc.",2021-09-13,2021-09-14,1,flat,flat,0.31901017038024915,0.39816777889945004,0.28282205072030064,0.31901017038024915,-0.0791576085192009,False,True
"Amazon.com, Inc.",2021-09-14,2021-09-15,1,flat,flat,0.2402994713716158,0.4702550222545009,0.2894455063738831,0.2894455063738831,-0.18080951588061778,False,True
"Amazon.com, Inc.",2021-09-15,2021-09-16,1,flat,flat,0.31945731028867186,0.345030123936711,0.33551256577461697,0.33551256577461697,-0.009517558162094042,False,True
"Amazon.com, Inc.",2021-09-16,2021-09-17,1,flat,flat,0.23394985861248763,0.44787188130224076,0.3181782600852715,0.3181782600852715,-0.12969362121696926,False,True
"Amazon.com, Inc.",2021-09-17,2021-09-20,1,down,down,0.38165758452987336,0.24563165733847567,0.37271075813165094,0.38165758452987336,0.1360259271913977,True,True
"Amazon.com, Inc.",2021-09-20,2021-09-21,1,flat,down,0.5815641159309966,0.2678991898764492,0.1505366941925541,0.5815641159309966,0.3136649260545474,True,False
"Amazon.com, Inc.",2021-09-21,2021-09-22,1,flat,flat,0.28201253902977064,0.450037131922724,0.26795032904750526,0.28201253902977064,-0.16802459289295335,False,True
"Amazon.com, Inc.",2021-09-22,2021-09-23,1,flat,flat,0.19265162404078562,0.49007976468704706,0.3172686112721672,0.3172686112721672,-0.17281115341487985,False,True
"Amazon.com, Inc.",2021-09-23,2021-09-24,1,flat,flat,0.1961953115115938,0.4417250819558819,0.3620796065325242,0.3620796065325242,-0.0796454754233577,False,True
"Amazon.com, Inc.",2021-09-24,2021-09-27,1,flat,flat,0.2342128326292865,0.48809002790755907,0.27769713946315433,0.27769713946315433,-0.21039288844440474,False,True
"Amazon.com, Inc.",2021-09-27,2021-09-28,1,down,down,0.39625923654734263,0.32811121359616385,0.2756295498564934,0.39625923654734263,0.06814802295117878,True,True
"Amazon.com, Inc.",2021-09-28,2021-09-29,1,flat,down,0.483732870756986,0.29321035729540407,0.22305677194760992,0.483732870756986,0.19052251346158194,True,False
"Amazon.com, Inc.",2021-09-29,2021-09-30,1,flat,flat,0.2614843496036745,0.4726027299073696,0.2659129204889558,0.2659129204889558,-0.2066898094184138,False,True
"Amazon.com, Inc.",2021-09-30,2021-10-01,1,flat,flat,0.2905816809665248,0.39926769378961724,0.31015062524385784,0.31015062524385784,-0.0891170685457594,False,True
"Amazon.com, Inc.",2021-10-01,2021-10-04,1,down,flat,0.3058056264291353,0.4217923490055154,0.2724020245653492,0.3058056264291353,-0.1159867225763801,False,False
"Amazon.com, Inc.",2021-10-04,2021-10-05,1,flat,down,0.4503988978545841,0.30448197025869117,0.24511913188672468,0.4503988978545841,0.14591692759589292,True,False
"Amazon.com, Inc.",2021-10-05,2021-10-06,1,flat,flat,0.27555202804287016,0.4061405407813994,0.31830743117573035,0.31830743117573035,-0.08783310960566904,False,True
"Amazon.com, Inc.",2021-10-06,2021-10-07,1,up,flat,0.2271766817836266,0.4470101232904964,0.32581319492587696,0.32581319492587696,-0.12119692836461943,False,False
"Amazon.com, Inc.",2021-10-07,2021-10-08,1,flat,flat,0.14801754844985282,0.43884992867393235,0.41313252287621466,0.41313252287621466,-0.025717405797717696,False,True
"Amazon.com, Inc.",2021-10-08,2021-10-11,1,down,flat,0.3385749485884847,0.4329792663485184,0.2284457850629968,0.3385749485884847,-0.09440431776003372,False,False
"Amazon.com, Inc.",2021-10-11,2021-10-12,1,flat,flat,0.37590839063219716,0.42171898933671936,0.20237262003108336,0.37590839063219716,-0.0458105987045222,False,True
"Amazon.com, Inc.",2021-10-12,2021-10-13,1,flat,flat,0.2814216899460249,0.4722325180460801,0.24634579200789478,0.2814216899460249,-0.19081082810005517,False,True
"Amazon.com, Inc.",2021-10-13,2021-10-14,1,flat,flat,0.1995679692389007,0.4321064008046622,0.368325629956437,0.368325629956437,-0.06378077084822525,False,True
"Amazon.com, Inc.",2021-10-14,2021-10-15,1,up,flat,0.17961744114358774,0.5395346732199182,0.280847885636494,0.280847885636494,-0.2586867875834242,False,False
"Amazon.com, Inc.",2021-10-15,2021-10-18,1,up,up,0.2140205268676787,0.23348394680029,0.5524955263320313,0.5524955263320313,0.31901157953174125,True,True
"Amazon.com, Inc.",2021-10-18,2021-10-19,1,flat,flat,0.24685301768614779,0.49039206604746666,0.26275491626638536,0.26275491626638536,-0.2276371497810813,False,True
"Amazon.com, Inc.",2021-10-19,2021-10-20,1,flat,flat,0.2898944924534009,0.5088901788168823,0.20121532872971667,0.2898944924534009,-0.21899568636348138,False,True
"Amazon.com, Inc.",2021-10-20,2021-10-21,1,flat,flat,0.3368539009936955,0.4761620759883375,0.18698402301796677,0.3368539009936955,-0.139308174994642,False,True
"Amazon.com, Inc.",2021-10-21,2021-10-22,1,down,flat,0.28778129564468474,0.4935018812969354,0.21871682305837956,0.28778129564468474,-0.20572058565225065,False,False
"Amazon.com, Inc.",2021-10-22,2021-10-25,1,down,down,0.37793914146960816,0.37485305781841993,0.24720780071197165,0.37793914146960816,0.0030860836511882317,True,True
"Amazon.com, Inc.",2021-10-25,2021-10-26,1,up,flat,0.356159892456665,0.47467317187839797,0.16916693566493676,0.356159892456665,-0.11851327942173295,False,False
"Amazon.com, Inc.",2021-10-26,2021-10-27,1,flat,up,0.2174010155809712,0.37785352450970233,0.4047454599093264,0.4047454599093264,0.02689193539962409,True,False
"Amazon.com, Inc.",2021-10-27,2021-10-28,1,flat,flat,0.30610536578103853,0.4010211894065513,0.29287344481241,0.30610536578103853,-0.09491582362551276,False,True
"Amazon.com, Inc.",2021-10-28,2021-10-29,1,down,up,0.3119534620278622,0.20828352371360984,0.4797630142585279,0.4797630142585279,0.27147949054491805,True,False
"Amazon.com, Inc.",2021-10-29,2021-11-01,1,flat,down,0.6394524354376191,0.23148959514545578,0.1290579694169252,0.6394524354376191,0.40796284029216334,True,False
"Amazon.com, Inc.",2021-11-01,2021-11-02,1,flat,flat,0.2939656861534919,0.46284083412911364,0.2431934797173944,0.2939656861534919,-0.16887514797562175,False,True
"Amazon.com, Inc.",2021-11-02,2021-11-03,1,flat,flat,0.294652838675456,0.4890793987950901,0.2162677625294538,0.294652838675456,-0.1944265601196341,False,True
"Amazon.com, Inc.",2021-11-03,2021-11-04,1,up,flat,0.26288838699255945,0.3703163912664287,0.36679522174101165,0.36679522174101165,-0.003521169525417034,False,False
"Amazon.com, Inc.",2021-11-04,2021-11-05,1,up,up,0.22083216044398638,0.27879310678013236,0.5003747327758812,0.5003747327758812,0.22158162599574882,True,True
"Amazon.com, Inc.",2021-11-05,2021-11-08,1,flat,flat,0.2813253553724737,0.44696157614570453,0.2717130684818214,0.2813253553724737,-0.1656362207732308,False,True
"Amazon.com, Inc.",2021-11-08,2021-11-09,1,flat,flat,0.34361137884539233,0.5220732653797489,0.1343153557748587,0.34361137884539233,-0.17846188653435652,False,True
"Amazon.com, Inc.",2021-11-09,2021-11-10,1,flat,flat,0.30488191459110714,0.3976766980132095,0.29744138739568327,0.30488191459110714,-0.09279478342210234,False,True
"Amazon.com, Inc.",2021-11-10,2021-11-11,1,flat,down,0.4198924441358727,0.4159177257877552,0.16418983007637214,0.4198924441358727,0.0039747183481174675,True,False
"Amazon.com, Inc.",2021-11-11,2021-11-12,1,flat,flat,0.31229457669723026,0.55593100473743,0.1317744185653394,0.31229457669723026,-0.2436364280401997,False,True
"Amazon.com, Inc.",2021-11-12,2021-11-15,1,flat,flat,0.30500740999433573,0.4823568717888326,0.21263571821683147,0.30500740999433573,-0.17734946179449684,False,True
"Amazon.com, Inc.",2021-11-15,2021-11-16,1,flat,flat,0.24764945083296944,0.49915188201124966,0.25319866715578077,0.25319866715578077,-0.2459532148554689,False,True
"Amazon.com, Inc.",2021-11-16,2021-11-17,1,flat,flat,0.3238603157212091,0.5118839598353724,0.1642557244434185,0.3238603157212091,-0.18802364411416328,False,True
"Amazon.com, Inc.",2021-11-17,2021-11-18,1,up,flat,0.2774467162255452,0.496110427262044,0.2264428565124107,0.2774467162255452,-0.21866371103649884,False,False
"Amazon.com, Inc.",2021-11-18,2021-11-19,1,up,up,0.24916975535525843,0.29258175736878733,0.4582484872759542,0.4582484872759542,0.16566672990716685,True,True
"Amazon.com, Inc.",2021-11-19,2021-11-22,1,down,flat,0.2691137599523451,0.4735415597612729,0.2573446802863819,0.2691137599523451,-0.20442779980892778,False,False
"Amazon.com, Inc.",2021-11-22,2021-11-23,1,down,down,0.5218485352055016,0.3855626326831503,0.09258883211134794,0.5218485352055016,0.1362859025223513,True,True
"Amazon.com, Inc.",2021-11-23,2021-11-24,1,flat,flat,0.4211523612518552,0.4390922516374163,0.1397553871107285,0.4211523612518552,-0.017939890385561097,False,True
"Amazon.com, Inc.",2021-11-24,2021-11-26,1,flat,flat,0.24136267788491877,0.5356194854169115,0.2230178366981696,0.24136267788491877,-0.29425680753199274,False,True
"Amazon.com, Inc.",2021-11-26,2021-11-29,1,flat,flat,0.322829721071136,0.4473824834843477,0.22978779544451602,0.322829721071136,-0.12455276241321173,False,True
"Amazon.com, Inc.",2021-11-29,2021-11-30,1,flat,flat,0.32894078141816596,0.44684024947913636,0.2242189691026975,0.32894078141816596,-0.1178994680609704,False,True
"Amazon.com, Inc.",2021-11-30,2021-12-01,1,flat,down,0.42703487427752895,0.3618243972638004,0.2111407284586705,0.42703487427752895,0.06521047701372856,True,False
"Amazon.com, Inc.",2021-12-01,2021-12-02,1,flat,flat,0.37409507770670747,0.4378363049831693,0.1880686173101232,0.37409507770670747,-0.06374122727646181,False,True
"Amazon.com, Inc.",2021-12-02,2021-12-03,1,flat,flat,0.31387061656189463,0.48048265724711936,0.20564672619098587,0.31387061656189463,-0.16661204068522473,False,True
"Amazon.com, Inc.",2021-12-03,2021-12-06,1,flat,flat,0.3567618375986792,0.382068649700708,0.2611695127006126,0.3567618375986792,-0.025306812102028786,False,True
"Amazon.com, Inc.",2021-12-06,2021-12-07,1,up,flat,0.24947448722341464,0.4823646425124976,0.2681608702640875,0.2681608702640875,-0.21420377224841008,False,False
"Amazon.com, Inc.",2021-12-07,2021-12-08,1,flat,flat,0.14686272513226223,0.4643458953133704,0.3887913795543674,0.3887913795543674,-0.07555451575900302,False,True
"Amazon.com, Inc.",2021-12-08,2021-12-09,1,flat,flat,0.24614746509998886,0.5648277752385077,0.18902475966150342,0.24614746509998886,-0.31868031013851883,False,True
"Amazon.com, Inc.",2021-12-09,2021-12-10,1,flat,flat,0.31679545349312876,0.48337768450206064,0.19982686200481026,0.31679545349312876,-0.16658223100893188,False,True
"Amazon.com, Inc.",2021-12-10,2021-12-13,1,down,flat,0.35228881846903876,0.4240751885330497,0.22363599299791143,0.35228881846903876,-0.07178637006401095,False,False
"Amazon.com, Inc.",2021-12-13,2021-12-14,1,down,flat,0.33741298931894076,0.4684427938938235,0.19414421678723562,0.33741298931894076,-0.13102980457488272,False,False
"Amazon.com, Inc.",2021-12-14,2021-12-15,1,flat,flat,0.2967512676714862,0.5048830243736151,0.19836570795489866,0.2967512676714862,-0.2081317567021289,False,True
"Amazon.com, Inc.",2021-12-15,2021-12-16,1,flat,flat,0.24756805681484223,0.3889968135326701,0.36343512965248753,0.36343512965248753,-0.025561683880182595,False,True
"Amazon.com, Inc.",2021-12-16,2021-12-17,1,down,flat,0.2571021456501072,0.5190484679610285,0.22384938638886415,0.2571021456501072,-0.26194632231092135,False,False
"Amazon.com, Inc.",2021-12-17,2021-12-20,1,flat,down,0.4850544099518317,0.32913672475471323,0.18580886529345486,0.4850544099518317,0.15591768519711846,True,False
"Amazon.com, Inc.",2021-12-20,2021-12-21,1,flat,flat,0.3081428298333918,0.4763709478176215,0.21548622234898646,0.3081428298333918,-0.1682281179842297,False,True
"Amazon.com, Inc.",2021-12-21,2021-12-22,1,flat,flat,0.2012839264117768,0.46097021080031986,0.33774586278790314,0.33774586278790314,-0.12322434801241672,False,True
"Amazon.com, Inc.",2021-12-22,2021-12-23,1,flat,flat,0.2292594908445662,0.472705465366024,0.2980350437894097,0.2980350437894097,-0.17467042157661428,False,True
"Amazon.com, Inc.",2021-12-23,2021-12-27,1,flat,flat,0.2368432083663387,0.5631843366774802,0.1999724549561809,0.2368432083663387,-0.32634112831114154,False,True
"Amazon.com, Inc.",2021-12-27,2021-12-28,1,flat,flat,0.3174087581514941,0.40273200212923194,0.2798592397192737,0.3174087581514941,-0.08532324397773783,False,True
"Amazon.com, Inc.",2021-12-28,2021-12-29,1,flat,flat,0.2832696474810695,0.4868608036475903,0.22986954887134003,0.2832696474810695,-0.20359115616652085,False,True
"Amazon.com, Inc.",2021-12-29,2021-12-30,1,flat,flat,0.24469447537631,0.5499050110154855,0.2054005136082044,0.24469447537631,-0.3052105356391755,False,True
"Amazon.com, Inc.",2021-12-30,2021-12-31,1,flat,flat,0.25350758978489774,0.5131147137624856,0.23337769645261644,0.25350758978489774,-0.2596071239775879,False,True
"Amazon.com, Inc.",2021-12-31,2022-01-03,1,flat,flat,0.3457351628594106,0.4291537069847364,0.22511113015585282,0.3457351628594106,-0.08341854412532584,False,True
"Amazon.com, Inc.",2022-01-03,2022-01-04,1,flat,flat,0.32428898952632623,0.34829101085886544,0.3274199996148083,0.3274199996148083,-0.020871011244057158,False,True
"Amazon.com, Inc.",2022-01-04,2022-01-05,1,down,flat,0.356816383991569,0.37429624000790823,0.26888737600052265,0.356816383991569,-0.017479856016339224,False,False
"Amazon.com, Inc.",2022-01-05,2022-01-06,1,down,down,0.4376739575472541,0.38268000509283817,0.17964603735990772,0.4376739575472541,0.054993952454415906,True,True
"Amazon.com, Inc.",2022-01-06,2022-01-07,1,flat,flat,0.319185157585035,0.45891055517914664,0.22190428723581823,0.319185157585035,-0.13972539759411162,False,True
"Amazon.com, Inc.",2022-01-07,2022-01-10,1,down,flat,0.24143106083755123,0.44965398834541737,0.30891495081703113,0.30891495081703113,-0.14073903752838623,False,False
"Amazon.com, Inc.",2022-01-10,2022-01-11,1,up,down,0.4423718171742965,0.3154347364150267,0.2421934464106767,0.4423718171742965,0.12693708075926985,True,False
"Amazon.com, Inc.",2022-01-11,2022-01-12,1,up,flat,0.17183447534817667,0.4407779764619192,0.38738754818990395,0.38738754818990395,-0.05339042827201523,False,False
"Amazon.com, Inc.",2022-01-12,2022-01-13,1,down,flat,0.16094557546260468,0.5051899709090177,0.33386445362837747,0.33386445362837747,-0.17132551728064027,False,False
"Amazon.com, Inc.",2022-01-13,2022-01-14,1,down,down,0.4351214749230007,0.4040620629299805,0.16081646214701883,0.4351214749230007,0.031059411993020203,True,True
"Amazon.com, Inc.",2022-01-14,2022-01-18,1,down,flat,0.3832544918542289,0.426739437294328,0.1900060708514429,0.3832544918542289,-0.04348494544009912,False,False
"Amazon.com, Inc.",2022-01-18,2022-01-19,1,flat,flat,0.3198535333439725,0.4086350623768539,0.27151140427917336,0.3198535333439725,-0.08878152903288139,False,True
"Amazon.com, Inc.",2022-01-19,2022-01-20,1,down,flat,0.3309483611847649,0.4093299803910178,0.25972165842421713,0.3309483611847649,-0.07838161920625292,False,False
"Amazon.com, Inc.",2022-01-20,2022-01-21,1,down,flat,0.36060322893685887,0.3756747846838565,0.2637219863792844,0.36060322893685887,-0.015071555746997645,False,False
"Amazon.com, Inc.",2022-01-21,2022-01-24,1,down,down,0.5182299831658336,0.17660585162878384,0.3051641652053827,0.5182299831658336,0.34162413153704974,True,True
"Amazon.com, Inc.",2022-01-24,2022-01-25,1,flat,down,0.41729703531292317,0.18910139231846623,0.39360157236861065,0.41729703531292317,0.22819564299445694,True,False
"Amazon.com, Inc.",2022-01-25,2022-01-26,1,flat,up,0.1996560854998901,0.25295841287998994,0.54738550162012,0.54738550162012,0.29442708874013007,True,False
"Amazon.com, Inc.",2022-01-26,2022-01-27,1,flat,up,0.2573685584416679,0.3151438862143243,0.42748755534400784,0.42748755534400784,0.11234366912968352,True,False
"Amazon.com, Inc.",2022-01-27,2022-01-28,1,flat,up,0.30170631807894605,0.31954511590885337,0.37874856601220064,0.37874856601220064,0.059203450103347266,True,False
"Amazon.com, Inc.",2022-01-28,2022-01-31,1,up,up,0.22410089656440124,0.37221116352776706,0.4036879399078316,0.4036879399078316,0.03147677638006452,True,True
"Amazon.com, Inc.",2022-01-31,2022-02-01,1,flat,up,0.1357705528104809,0.4016553851207445,0.4625740620687744,0.4625740620687744,0.06091867694802988,True,False
"Amazon.com, Inc.",2022-02-01,2022-02-02,1,flat,flat,0.1976743521314297,0.5335086683133652,0.26881697955520495,0.26881697955520495,-0.26469168875816024,False,True
"Amazon.com, Inc.",2022-02-02,2022-02-03,1,down,flat,0.2751280492168802,0.38722011456003846,0.33765183622308115,0.33765183622308115,-0.04956827833695732,False,False
"Amazon.com, Inc.",2022-02-03,2022-02-04,1,up,down,0.6395145610362243,0.23558546954197482,0.12489996942180075,0.6395145610362243,0.4039290914942495,True,False
"Amazon.com, Inc.",2022-02-04,2022-02-07,1,flat,up,0.1278191334518971,0.3321987021967454,0.5399821643513573,0.5399821643513573,0.20778346215461185,True,False
"Amazon.com, Inc.",2022-02-07,2022-02-08,1,flat,flat,0.29196616225269056,0.5744387163256117,0.1335951214216974,0.29196616225269056,-0.28247255407292116,False,True
"Amazon.com, Inc.",2022-02-08,2022-02-09,1,flat,flat,0.38023681837079304,0.5672478213297414,0.05251536029946533,0.38023681837079304,-0.18701100295894835,False,True
"Amazon.com, Inc.",2022-02-09,2022-02-10,1,flat,flat,0.2654921515761653,0.6010309761990764,0.13347687222475824,0.2654921515761653,-0.3355388246229111,False,True
"Amazon.com, Inc.",2022-02-10,2022-02-11,1,flat,flat,0.31910994608648385,0.5817447744114693,0.0991452795020468,0.31910994608648385,-0.26263482832498547,False,True
"Amazon.com, Inc.",2022-02-11,2022-02-14,1,flat,flat,0.3220237374944127,0.5822215396405207,0.09575472286506642,0.3220237374944127,-0.260197802146108,False,True
"Amazon.com, Inc.",2022-02-14,2022-02-15,1,flat,flat,0.24729596583829683,0.5810078637732263,0.1716961703884768,0.24729596583829683,-0.3337118979349295,False,True
"Amazon.com, Inc.",2022-02-15,2022-02-16,1,flat,flat,0.12950076040632708,0.7199174218779454,0.15058181771572773,0.15058181771572773,-0.5693356041622176,False,True
"Amazon.com, Inc.",2022-02-16,2022-02-17,1,flat,flat,0.23204792281550646,0.6193101775391585,0.14864189964533503,0.23204792281550646,-0.38726225472365206,False,True
"Amazon.com, Inc.",2022-02-17,2022-02-18,1,flat,flat,0.27810089135552063,0.5424995322506904,0.17939957639378873,0.27810089135552063,-0.26439864089516973,False,True
"Amazon.com, Inc.",2022-02-18,2022-02-22,1,flat,flat,0.3186826147190469,0.5376961746899176,0.1436212105910355,0.3186826147190469,-0.21901355997087069,False,True
"Amazon.com, Inc.",2022-02-22,2022-02-23,1,flat,flat,0.2832240991122775,0.5347545071502974,0.182021393737425,0.2832240991122775,-0.25153040803801985,False,True
"Amazon.com, Inc.",2022-02-23,2022-02-24,1,flat,flat,0.2341600364925669,0.5239713055265036,0.2418686579809294,0.2418686579809294,-0.28210264754557424,False,True
"Amazon.com, Inc.",2022-02-24,2022-02-25,1,up,flat,0.32280265651525547,0.4282544868405385,0.24894285664420587,0.32280265651525547,-0.10545183032528305,False,False
"Amazon.com, Inc.",2022-02-25,2022-02-28,1,flat,flat,0.06180489606816389,0.6390386618756319,0.29915644205620406,0.29915644205620406,-0.3398822198194278,False,True
"Amazon.com, Inc.",2022-02-28,2022-03-01,1,flat,flat,0.1524624039689241,0.6532551956729293,0.1942824003581465,0.1942824003581465,-0.45897279531478286,False,True
"Amazon.com, Inc.",2022-03-01,2022-03-02,1,flat,flat,0.24744001774747354,0.6275753493655302,0.12498463288699614,0.24744001774747354,-0.3801353316180566,False,True
"Amazon.com, Inc.",2022-03-02,2022-03-03,1,flat,flat,0.16351918421114742,0.65077168355663,0.18570913223222274,0.18570913223222274,-0.4650625513244072,False,True
"Amazon.com, Inc.",2022-03-03,2022-03-04,1,down,flat,0.2302212881109264,0.5632714890454669,0.20650722284360665,0.2302212881109264,-0.33305020093454046,False,False
"Amazon.com, Inc.",2022-03-04,2022-03-07,1,down,flat,0.29169237128137027,0.5190664049046917,0.18924122381393793,0.29169237128137027,-0.22737403362332143,False,False
"Amazon.com, Inc.",2022-03-07,2022-03-08,1,down,down,0.4177564192555604,0.3581867829132519,0.2240567978311876,0.4177564192555604,0.059569636342308496,True,True
"Amazon.com, Inc.",2022-03-08,2022-03-09,1,flat,down,0.3661124126204369,0.2742149359255894,0.35967265145397376,0.3661124126204369,0.09189747669484755,True,False
"Amazon.com, Inc.",2022-03-09,2022-03-10,1,up,up,0.18410989384319087,0.38203603935838226,0.43385406679842686,0.43385406679842686,0.0518180274400446,True,True
"Amazon.com, Inc.",2022-03-10,2022-03-11,1,flat,up,0.16215349508393206,0.2638282549162262,0.5740182499998416,0.5740182499998416,0.31018999508361544,True,False
"Amazon.com, Inc.",2022-03-11,2022-03-14,1,down,flat,0.287627833729718,0.5044684845646283,0.20790368170565346,0.287627833729718,-0.21684065083491033,False,False
"Amazon.com, Inc.",2022-03-14,2022-03-15,1,flat,down,0.42920720260377443,0.4265311225908381,0.14426167480538737,0.42920720260377443,0.002676080012936344,True,False
"Amazon.com, Inc.",2022-03-15,2022-03-16,1,up,flat,0.18754287087324062,0.4171598478965632,0.39529728123019614,0.39529728123019614,-0.021862566666367045,False,False
"Amazon.com, Inc.",2022-03-16,2022-03-17,1,up,up,0.12836969498877449,0.43008131592314225,0.44154898908808315,0.44154898908808315,0.011467673164940906,True,True
"Amazon.com, Inc.",2022-03-17,2022-03-18,1,up,flat,0.20207008173887014,0.5400385848131211,0.2578913334480086,0.2578913334480086,-0.2821472513651125,False,False
"Amazon.com, Inc.",2022-03-18,2022-03-21,1,flat,flat,0.2818798982725015,0.46793728596626327,0.250182815761235,0.2818798982725015,-0.1860573876937618,False,True
"Amazon.com, Inc.",2022-03-21,2022-03-22,1,flat,flat,0.33835633550397637,0.5314533832415066,0.13019028125451673,0.33835633550397637,-0.19309704773753023,False,True
"Amazon.com, Inc.",2022-03-22,2022-03-23,1,flat,flat,0.3236812433680238,0.5014670265849572,0.1748517300470186,0.3236812433680238,-0.17778578321693345,False,True
"Amazon.com, Inc.",2022-03-23,2022-03-24,1,flat,flat,0.2949566835841122,0.5799719589791869,0.12507135743670095,0.2949566835841122,-0.28501527539507465,False,True
"Amazon.com, Inc.",2022-03-24,2022-03-25,1,flat,flat,0.34367514260433507,0.5597329452920583,0.09659191210360668,0.34367514260433507,-0.21605780268772323,False,True
"Amazon.com, Inc.",2022-03-25,2022-03-28,1,flat,flat,0.2379724920391205,0.6168274341521107,0.14520007380876887,0.2379724920391205,-0.3788549421129902,False,True
"Amazon.com, Inc.",2022-03-28,2022-03-29,1,flat,flat,0.28678504435387064,0.4699575560094409,0.24325739963668833,0.28678504435387064,-0.18317251165557025,False,True
"Amazon.com, Inc.",2022-03-29,2022-03-30,1,flat,flat,0.3587563198681243,0.4309174083061501,0.2103262718257255,0.3587563198681243,-0.07216108843802582,False,True
"Amazon.com, Inc.",2022-03-30,2022-03-31,1,down,down,0.4739886277331008,0.4190762506532479,0.10693512161365122,0.4739886277331008,0.054912377079852914,True,True
"Amazon.com, Inc.",2022-03-31,2022-04-01,1,flat,flat,0.4271326532546845,0.44401821479814574,0.12884913194716954,0.4271326532546845,-0.016885561543461214,False,True
"Amazon.com, Inc.",2022-04-01,2022-04-04,1,flat,flat,0.30116695235401464,0.5005266131917298,0.19830643445425536,0.30116695235401464,-0.1993596608377151,False,True
"Amazon.com, Inc.",2022-04-04,2022-04-05,1,flat,flat,0.19423151573813616,0.5382756948493714,0.2674927894124923,0.2674927894124923,-0.2707829054368791,False,True
"Amazon.com, Inc.",2022-04-05,2022-04-06,1,down,flat,0.34454311315444985,0.45734195326981164,0.19811493357573828,0.34454311315444985,-0.11279884011536179,False,False
"Amazon.com, Inc.",2022-04-06,2022-04-07,1,down,down,0.5199351452567472,0.35319193098837465,0.12687292375487802,0.5199351452567472,0.16674321426837257,True,True
"Amazon.com, Inc.",2022-04-07,2022-04-08,1,flat,flat,0.284431118511466,0.507687596371586,0.207881285116948,0.284431118511466,-0.22325647786011998,False,True
"Amazon.com, Inc.",2022-04-08,2022-04-11,1,down,flat,0.24137983914872307,0.5088572756662577,0.24976288518501907,0.24976288518501907,-0.2590943904812386,False,False
"Amazon.com, Inc.",2022-04-11,2022-04-12,1,flat,flat,0.3413843874218388,0.4213674683811213,0.23724814419703966,0.3413843874218388,-0.07998308095928253,False,True
"Amazon.com, Inc.",2022-04-12,2022-04-13,1,flat,up,0.23813534215717663,0.36179599233542825,0.40006866550739506,0.40006866550739506,0.03827267317196681,True,False
"Amazon.com, Inc.",2022-04-13,2022-04-14,1,flat,flat,0.21846743852235012,0.39278681307165747,0.3887457484059924,0.3887457484059924,-0.004041064665665062,False,True
"Amazon.com, Inc.",2022-04-14,2022-04-18,1,flat,flat,0.20420744222689313,0.4362310257861214,0.3595615319869854,0.3595615319869854,-0.07666949379913596,False,True
"Amazon.com, Inc.",2022-04-18,2022-04-19,1,up,flat,0.30756389013843166,0.4646214029479865,0.2278147069135816,0.30756389013843166,-0.15705751280955482,False,False
"Amazon.com, Inc.",2022-04-19,2022-04-20,1,flat,up,0.1502996556750995,0.41205004952465624,0.43765029480024414,0.43765029480024414,0.025600245275587907,True,False
"Amazon.com, Inc.",2022-04-20,2022-04-21,1,down,flat,0.26004484491960367,0.4294617587340956,0.3104933963463006,0.3104933963463006,-0.11896836238779501,False,False
"Amazon.com, Inc.",2022-04-21,2022-04-22,1,down,flat,0.38839050054533325,0.4662645038875164,0.14534499556715008,0.38839050054533325,-0.07787400334218314,False,False
"Amazon.com, Inc.",2022-04-22,2022-04-25,1,flat,flat,0.39728155137526633,0.40932625959287927,0.19339218903185418,0.39728155137526633,-0.012044708217612943,False,True
"Amazon.com, Inc.",2022-04-25,2022-04-26,1,flat,up,0.24162825815549593,0.3763266054800702,0.3820451363644338,0.3820451363644338,0.005718530884363637,True,False
"Amazon.com, Inc.",2022-04-26,2022-04-27,1,down,flat,0.3346769542208166,0.34372571219683806,0.32159733358234527,0.3346769542208166,-0.009048757976021449,False,False
"Amazon.com, Inc.",2022-04-27,2022-04-28,1,up,up,0.3446997856456081,0.30585772046907045,0.34944249388532145,0.34944249388532145,0.043584773416251,True,True
"Amazon.com, Inc.",2022-04-28,2022-04-29,1,down,up,0.22650077974035474,0.26679785205966317,0.5067013681999819,0.5067013681999819,0.23990351614031874,True,False
"Amazon.com, Inc.",2022-04-29,2022-05-02,1,down,down,0.5784975632994627,0.13247472546016123,0.2890277112403762,0.5784975632994627,0.4460228378393014,True,True
"Amazon.com, Inc.",2022-05-02,2022-05-03,1,flat,up,0.3595383406626318,0.21699114244692053,0.4234705168904478,0.4234705168904478,0.20647937444352726,True,False
"Amazon.com, Inc.",2022-05-03,2022-05-04,1,flat,up,0.11711662177582793,0.3418399548177361,0.541043423406436,0.541043423406436,0.19920346858869986,True,False
"Amazon.com, Inc.",2022-05-04,2022-05-05,1,down,up,0.3109242523083242,0.34005207794898584,0.34902366974268983,0.34902366974268983,0.008971591793703992,True,False
"Amazon.com, Inc.",2022-05-05,2022-05-06,1,down,down,0.5206207492831412,0.24762936440495295,0.23174988631190582,0.5206207492831412,0.2729913848781882,True,True
"Amazon.com, Inc.",2022-05-06,2022-05-09,1,down,down,0.408045151105471,0.2633765293320441,0.32857831956248484,0.408045151105471,0.14466862177342693,True,True
"Amazon.com, Inc.",2022-05-09,2022-05-10,1,flat,up,0.3811562404562833,0.21745920050167328,0.4013845590420434,0.4013845590420434,0.18392535854037012,True,False
"Amazon.com, Inc.",2022-05-10,2022-05-11,1,flat,up,0.22898376542772697,0.28033915545562815,0.49067707911664493,0.49067707911664493,0.21033792366101678,True,False
"Amazon.com, Inc.",2022-05-11,2022-05-12,1,flat,up,0.3744632781500582,0.23983122906493065,0.3857054927850112,0.3857054927850112,0.14587426372008055,True,False
"Amazon.com, Inc.",2022-05-12,2022-05-13,1,up,down,0.3970808767155145,0.3005034297460988,0.30241569353838665,0.3970808767155145,0.09657744696941573,True,False
"Amazon.com, Inc.",2022-05-13,2022-05-16,1,flat,flat,0.12600531912577978,0.4494934104139951,0.4245012704602251,0.4245012704602251,-0.024992139953769976,False,True
"Amazon.com, Inc.",2022-05-16,2022-05-17,1,flat,flat,0.2436839858899399,0.5527404326100439,0.2035755815000163,0.2436839858899399,-0.309056446720104,False,True
"Amazon.com, Inc.",2022-05-17,2022-05-18,1,down,flat,0.23834351650280627,0.5638100180301301,0.19784646546706364,0.23834351650280627,-0.3254665015273238,False,False
"Amazon.com, Inc.",2022-05-18,2022-05-19,1,flat,down,0.5557937149340358,0.320094188331966,0.12411209673399798,0.5557937149340358,0.23569952660206983,True,False
"Amazon.com, Inc.",2022-05-19,2022-05-20,1,flat,flat,0.32603296767462125,0.43446413417257534,0.2395028981528033,0.32603296767462125,-0.10843116649795409,False,True
"Amazon.com, Inc.",2022-05-20,2022-05-23,1,flat,flat,0.22105266104538293,0.45863946052104787,0.3203078784335689,0.3203078784335689,-0.13833158208747898,False,True
"Amazon.com, Inc.",2022-05-23,2022-05-24,1,down,flat,0.34023870173042725,0.4305380260260373,0.22922327224353523,0.34023870173042725,-0.09029932429561005,False,False
"Amazon.com, Inc.",2022-05-24,2022-05-25,1,flat,down,0.4582270482131291,0.3209624224874008,0.2208105292994701,0.4582270482131291,0.13726462572572828,True,False
"Amazon.com, Inc.",2022-05-25,2022-05-26,1,up,flat,0.1671706031065659,0.5285832738188514,0.30424612307458254,0.30424612307458254,-0.22433715074426885,False,False
"Amazon.com, Inc.",2022-05-26,2022-05-27,1,up,flat,0.11868584675298932,0.5671106535438072,0.3142034997032034,0.3142034997032034,-0.2529071538406038,False,False
"Amazon.com, Inc.",2022-05-27,2022-05-31,1,up,flat,0.16337012742991058,0.5689248857499292,0.2677049868201601,0.2677049868201601,-0.3012198989297691,False,False
"Amazon.com, Inc.",2022-05-31,2022-06-01,1,up,flat,0.23434501048605688,0.4661596678217633,0.2994953216921794,0.2994953216921794,-0.16666434612958392,False,False
"Amazon.com, Inc.",2022-06-01,2022-06-02,1,flat,flat,0.21900971362368385,0.5331136293500212,0.2478766570262947,0.2478766570262947,-0.28523697232372647,False,True
"Amazon.com, Inc.",2022-06-02,2022-06-03,1,flat,flat,0.2751654542184061,0.5689957940667738,0.1558387517148199,0.2751654542184061,-0.2938303398483677,False,True
"Amazon.com, Inc.",2022-06-03,2022-06-06,1,flat,flat,0.32295356639996153,0.5311665860097678,0.1458798475902705,0.32295356639996153,-0.20821301960980632,False,True
"Amazon.com, Inc.",2022-06-06,2022-06-07,1,down,flat,0.25889071960723103,0.42849265009114745,0.31261663030162135,0.31261663030162135,-0.11587601978952611,False,False
"Amazon.com, Inc.",2022-06-07,2022-06-08,1,flat,flat,0.3823443407196392,0.4799157687461192,0.13773989053424143,0.3823443407196392,-0.09757142802648,False,True
"Amazon.com, Inc.",2022-06-08,2022-06-09,1,down,flat,0.29162521263068875,0.5546196506298876,0.15375513673942354,0.29162521263068875,-0.26299443799919886,False,False
"Amazon.com, Inc.",2022-06-09,2022-06-10,1,down,flat,0.38147910245243905,0.4530610850796715,0.1654598124678892,0.38147910245243905,-0.07158198262723248,False,False
"Amazon.com, Inc.",2022-06-10,2022-06-13,1,down,down,0.5056466410401528,0.2986324268309739,0.1957209321288732,0.5056466410401528,0.20701421420917887,True,True
"Amazon.com, Inc.",2022-06-13,2022-06-14,1,flat,down,0.47238252741817793,0.24386904720542119,0.28374842537640094,0.47238252741817793,0.22851348021275675,True,False
"Amazon.com, Inc.",2022-06-14,2022-06-15,1,flat,up,0.2082977799909455,0.3640663755177011,0.4276358444913533,0.4276358444913533,0.06356946897365218,True,False
"Amazon.com, Inc.",2022-06-15,2022-06-16,1,flat,up,0.1750055988800312,0.38484801076623554,0.44014639035373315,0.44014639035373315,0.055298379587497615,True,False
"Amazon.com, Inc.",2022-06-16,2022-06-17,1,flat,down,0.41581040617307286,0.38434648775852354,0.1998431060684035,0.41581040617307286,0.03146391841454932,True,False
"Amazon.com, Inc.",2022-06-17,2022-06-21,1,up,flat,0.26693885082407454,0.4205358054024486,0.3125253437734766,0.3125253437734766,-0.10801046162897199,False,False
"Amazon.com, Inc.",2022-06-21,2022-06-22,1,flat,flat,0.11287171923576432,0.5756386344872442,0.31148964627699144,0.31148964627699144,-0.26414898821025273,False,True
"Amazon.com, Inc.",2022-06-22,2022-06-23,1,flat,flat,0.1634431512781394,0.6486528921936252,0.1879039565282356,0.1879039565282356,-0.4607489356653896,False,True
"Amazon.com, Inc.",2022-06-23,2022-06-24,1,up,flat,0.15121024811500924,0.6295560926584557,0.21923365922653515,0.21923365922653515,-0.41032243343192054,False,False
"Amazon.com, Inc.",2022-06-24,2022-06-27,1,flat,flat,0.14190602910242528,0.6018751039246478,0.2562188669729268,0.2562188669729268,-0.34565623695172104,False,True
"Amazon.com, Inc.",2022-06-27,2022-06-28,1,down,flat,0.1996090750342024,0.6553584543521657,0.14503247061363195,0.1996090750342024,-0.4557493793179633,False,False
"Amazon.com, Inc.",2022-06-28,2022-06-29,1,flat,down,0.4791791375379,0.421069609964196,0.09975125249790391,0.4791791375379,0.05810952757370397,True,False
"Amazon.com, Inc.",2022-06-29,2022-06-30,1,flat,flat,0.34385253851163483,0.4677116528825288,0.18843580860583617,0.34385253851163483,-0.12385911437089397,False,True
"Amazon.com, Inc.",2022-06-30,2022-07-01,1,flat,down,0.4111550796986901,0.3499916370763757,0.2388532832249341,0.4111550796986901,0.06116344262231438,True,False
"Amazon.com, Inc.",2022-07-01,2022-07-05,1,flat,flat,0.18862736966643678,0.5635360795381451,0.24783655079541805,0.24783655079541805,-0.31569952874272705,False,True
"Amazon.com, Inc.",2022-07-05,2022-07-06,1,flat,flat,0.18528194069292753,0.5527146779232339,0.2620033813838385,0.2620033813838385,-0.2907112965393954,False,True
"Amazon.com, Inc.",2022-07-06,2022-07-07,1,flat,flat,0.1806935720802725,0.5896155402316021,0.2296908876881253,0.2296908876881253,-0.35992465254347683,False,True
"Amazon.com, Inc.",2022-07-07,2022-07-08,1,flat,flat,0.19764313106338868,0.6522677485444865,0.15008912039212483,0.19764313106338868,-0.45462461748109784,False,True
"Amazon.com, Inc.",2022-07-08,2022-07-11,1,flat,flat,0.2264123067843355,0.6332945901232292,0.14029310309243517,0.2264123067843355,-0.4068822833388937,False,True
"Amazon.com, Inc.",2022-07-11,2022-07-12,1,flat,flat,0.32946697953722204,0.5509828755802585,0.11955014488251926,0.32946697953722204,-0.22151589604303645,False,True
"Amazon.com, Inc.",2022-07-12,2022-07-13,1,flat,flat,0.3049544962942891,0.5333974380290244,0.16164806567668627,0.3049544962942891,-0.22844294173473528,False,True
"Amazon.com, Inc.",2022-07-13,2022-07-14,1,flat,flat,0.3567244931365747,0.4559480550649157,0.1873274517985093,0.3567244931365747,-0.09922356192834098,False,True
"Amazon.com, Inc.",2022-07-14,2022-07-15,1,up,flat,0.16487652451578555,0.6001626390751335,0.23496083640908116,0.23496083640908116,-0.3652018026660523,False,False
"Amazon.com, Inc.",2022-07-15,2022-07-18,1,flat,up,0.19050644972796527,0.3358481875935313,0.4736453626785034,0.4736453626785034,0.13779717508497208,True,False
"Amazon.com, Inc.",2022-07-18,2022-07-19,1,flat,flat,0.2257948488751888,0.593128528608699,0.18107662251611212,0.2257948488751888,-0.3673336797335102,False,True
"Amazon.com, Inc.",2022-07-19,2022-07-20,1,up,flat,0.21704187406103082,0.5524819789863591,0.23047614695261015,0.23047614695261015,-0.32200583203374894,False,False
"Amazon.com, Inc.",2022-07-20,2022-07-21,1,flat,flat,0.19189132196623093,0.4316045217089731,0.37650415632479567,0.37650415632479567,-0.05510036538417745,False,True
"Amazon.com, Inc.",2022-07-21,2022-07-22,1,flat,flat,0.23463509714112102,0.5322076701499154,0.23315723270896344,0.23463509714112102,-0.2975725730087944,False,True
"Amazon.com, Inc.",2022-07-22,2022-07-25,1,flat,flat,0.3014682467926557,0.5672076619547101,0.13132409125263414,0.3014682467926557,-0.26573941516205435,False,True
"Amazon.com, Inc.",2022-07-25,2022-07-26,1,down,flat,0.3746823142550169,0.519255496889868,0.10606218885511509,0.3746823142550169,-0.14457318263485114,False,False
"Amazon.com, Inc.",2022-07-26,2022-07-27,1,up,down,0.513743817848245,0.3584928678511917,0.1277633143005631,0.513743817848245,0.15525094999705324,True,False
"Amazon.com, Inc.",2022-07-27,2022-07-28,1,flat,flat,0.1245334594605926,0.46472194414743295,0.4107445963919746,0.4107445963919746,-0.05397734775545837,False,True
"Amazon.com, Inc.",2022-07-28,2022-07-29,1,up,flat,0.271048259106774,0.3651499643049807,0.3638017765882452,0.3638017765882452,-0.001348187716735505,False,False
"Amazon.com, Inc.",2022-07-29,2022-08-01,1,flat,up,0.1841983401357593,0.3225931068797453,0.49320855298449506,0.49320855298449506,0.17061544610474977,True,False
"Amazon.com, Inc.",2022-08-01,2022-08-02,1,flat,flat,0.4154586160517546,0.4410475691430545,0.14349381480519063,0.4154586160517546,-0.025588953091299882,False,True
"Amazon.com, Inc.",2022-08-02,2022-08-03,1,flat,flat,0.3942690340340801,0.482967550653955,0.12276341531196473,0.3942690340340801,-0.08869851661987493,False,True
"Amazon.com, Inc.",2022-08-03,2022-08-04,1,up,flat,0.23890490797543276,0.43021765494821823,0.33087743707634887,0.33087743707634887,-0.09934021787186936,False,False
"Amazon.com, Inc.",2022-08-04,2022-08-05,1,flat,flat,0.2461530811537288,0.4660616455408534,0.2877852733054177,0.2877852733054177,-0.1782763722354357,False,True
"Amazon.com, Inc.",2022-08-05,2022-08-08,1,flat,flat,0.37199062355304385,0.5424933864259325,0.08551599002102356,0.37199062355304385,-0.17050276287288862,False,True
"Amazon.com, Inc.",2022-08-08,2022-08-09,1,down,flat,0.3406220296235343,0.5202344289270229,0.1391435414494428,0.3406220296235343,-0.1796123993034886,False,False
"Amazon.com, Inc.",2022-08-09,2022-08-10,1,up,flat,0.383965310570113,0.48592149748196745,0.13011319194791926,0.383965310570113,-0.10195618691185443,False,False
"Amazon.com, Inc.",2022-08-10,2022-08-11,1,flat,flat,0.1996878527388657,0.40017961373749833,0.40013253352363576,0.40013253352363576,-4.708021386257144e-05,False,True
"Amazon.com, Inc.",2022-08-11,2022-08-12,1,flat,flat,0.3448432878469763,0.530509762668716,0.1246469494843076,0.3448432878469763,-0.18566647482173965,False,True
"Amazon.com, Inc.",2022-08-12,2022-08-15,1,flat,flat,0.32440301562837215,0.5302923141663229,0.14530467020530485,0.32440301562837215,-0.2058892985379508,False,True
"Amazon.com, Inc.",2022-08-15,2022-08-16,1,flat,flat,0.2432416328822911,0.5720395358725621,0.18471883124514693,0.2432416328822911,-0.328797902990271,False,True
"Amazon.com, Inc.",2022-08-16,2022-08-17,1,flat,flat,0.25828628100574835,0.3783963996733012,0.36331731932095035,0.36331731932095035,-0.015079080352350838,False,True
"Amazon.com, Inc.",2022-08-17,2022-08-18,1,flat,flat,0.3638532434975773,0.48402470508540346,0.1521220514170189,0.3638532434975773,-0.12017146158782616,False,True
"Amazon.com, Inc.",2022-08-18,2022-08-19,1,down,flat,0.24620935606494193,0.5542226723985177,0.1995679715365401,0.24620935606494193,-0.3080133163335758,False,False
"Amazon.com, Inc.",2022-08-19,2022-08-22,1,down,flat,0.365661215725766,0.4135970205098396,0.22074176376439422,0.365661215725766,-0.04793580478407361,False,False
"Amazon.com, Inc.",2022-08-22,2022-08-23,1,flat,flat,0.3813194349091817,0.4124095279585599,0.20627103713225828,0.3813194349091817,-0.03109009304937821,False,True
"Amazon.com, Inc.",2022-08-23,2022-08-24,1,flat,flat,0.20403557610861736,0.5020797034326243,0.29388472045875813,0.29388472045875813,-0.20819498297386618,False,True
"Amazon.com, Inc.",2022-08-24,2022-08-25,1,up,flat,0.17622825066129527,0.5224218706577703,0.3013498786809342,0.3013498786809342,-0.22107199197683614,False,False
"Amazon.com, Inc.",2022-08-25,2022-08-26,1,down,flat,0.0928143383567371,0.6106608875318627,0.2965247741114003,0.2965247741114003,-0.3141361134204623,False,False
"Amazon.com, Inc.",2022-08-26,2022-08-29,1,down,down,0.39724648433596055,0.39067740073116364,0.21207611493287565,0.39724648433596055,0.00656908360479691,True,True
"Amazon.com, Inc.",2022-08-29,2022-08-30,1,flat,flat,0.34981184178290536,0.37466296569435736,0.2755251925227372,0.34981184178290536,-0.024851123911452,False,True
"Amazon.com, Inc.",2022-08-30,2022-08-31,1,flat,flat,0.202436910096756,0.40718246084733395,0.39038062905591003,0.39038062905591003,-0.016801831791423916,False,True
"Amazon.com, Inc.",2022-08-31,2022-09-01,1,down,flat,0.2563683588540177,0.4070291022547733,0.33660253889120895,0.33660253889120895,-0.07042656336356434,False,False
"Amazon.com, Inc.",2022-09-01,2022-09-02,1,flat,flat,0.3395035574188589,0.3816807269324439,0.27881571564869706,0.3395035574188589,-0.04217716951358502,False,True
"Amazon.com, Inc.",2022-09-02,2022-09-06,1,flat,up,0.1614869187186956,0.35042667719337334,0.4880864040879311,0.4880864040879311,0.13765972689455774,True,False
"Amazon.com, Inc.",2022-09-06,2022-09-07,1,flat,flat,0.3288664393504431,0.3752454969803426,0.29588806366921433,0.3288664393504431,-0.04637905762989952,False,True
"Amazon.com, Inc.",2022-09-07,2022-09-08,1,flat,up,0.20752324835016048,0.37224368171939193,0.4202330699304475,0.4202330699304475,0.047989388211055584,True,False
"Amazon.com, Inc.",2022-09-08,2022-09-09,1,up,up,0.1768593765718526,0.3893720198505284,0.4337686035776189,0.4337686035776189,0.044396583727090544,True,True
"Amazon.com, Inc.",2022-09-09,2022-09-12,1,up,up,0.14596696009429963,0.40178415225259634,0.452248887653104,0.452248887653104,0.050464735400507665,True,True
"Amazon.com, Inc.",2022-09-12,2022-09-13,1,down,flat,0.18266138645035818,0.4302589936331453,0.3870796199164965,0.3870796199164965,-0.04317937371664882,False,False
"Amazon.com, Inc.",2022-09-13,2022-09-14,1,flat,down,0.5968058812546355,0.31390905361209465,0.08928506513326971,0.5968058812546355,0.28289682764254087,True,False
"Amazon.com, Inc.",2022-09-14,2022-09-15,1,flat,flat,0.2579893617687636,0.41041173332296393,0.33159890490827243,0.33159890490827243,-0.0788128284146915,False,True
"Amazon.com, Inc.",2022-09-15,2022-09-16,1,down,flat,0.2560588612834957,0.4033960674078938,0.34054507130861034,0.34054507130861034,-0.06285099609928346,False,False
"Amazon.com, Inc.",2022-09-16,2022-09-19,1,flat,down,0.5907697925760973,0.26110000309020576,0.14813020433369684,0.5907697925760973,0.32966978948589154,True,False
"Amazon.com, Inc.",2022-09-19,2022-09-20,1,flat,flat,0.2103778816674229,0.4542451908560541,0.33537692747652315,0.33537692747652315,-0.11886826337953094,False,True
"Amazon.com, Inc.",2022-09-20,2022-09-21,1,flat,flat,0.27288605507710895,0.41832465106159944,0.30878929386129156,0.30878929386129156,-0.10953535720030788,False,True
"Amazon.com, Inc.",2022-09-21,2022-09-22,1,down,flat,0.39380055373068046,0.4106573022495245,0.19554214401979475,0.39380055373068046,-0.016856748518844056,False,False
"Amazon.com, Inc.",2022-09-22,2022-09-23,1,down,down,0.37343114167749086,0.33187196182385814,0.294696896498651,0.37343114167749086,0.04155917985363272,True,True
"Amazon.com, Inc.",2022-09-23,2022-09-26,1,flat,up,0.30230509474746087,0.3126376311703607,0.3850572740821785,0.3850572740821785,0.0724196429118178,True,False
"Amazon.com, Inc.",2022-09-26,2022-09-27,1,flat,up,0.22861693254110374,0.33824979941226485,0.43313326804663144,0.43313326804663144,0.09488346863436659,True,False
"Amazon.com, Inc.",2022-09-27,2022-09-28,1,flat,up,0.2223261616099264,0.38551649583016023,0.3921573425599133,0.3921573425599133,0.006640846729753069,True,False
"Amazon.com, Inc.",2022-09-28,2022-09-29,1,flat,flat,0.25918829102912017,0.43315179400140247,0.3076599149694772,0.3076599149694772,-0.12549187903192527,False,True
"Amazon.com, Inc.",2022-09-29,2022-09-30,1,flat,flat,0.3385855394597877,0.4364837774714059,0.22493068306880626,0.3385855394597877,-0.09789823801161818,False,True
"Amazon.com, Inc.",2022-09-30,2022-10-03,1,flat,flat,0.3029251933884833,0.39926536380136923,0.29780944281014726,0.3029251933884833,-0.09634017041288595,False,True
"Amazon.com, Inc.",2022-10-03,2022-10-04,1,up,flat,0.21427326982968972,0.4484312772834317,0.33729545288687846,0.33729545288687846,-0.11113582439655323,False,False
"Amazon.com, Inc.",2022-10-04,2022-10-05,1,flat,up,0.13764028670589748,0.3897921390095278,0.4725675742845745,0.4725675742845745,0.08277543527504672,True,False
"Amazon.com, Inc.",2022-10-05,2022-10-06,1,flat,flat,0.3707889749932476,0.4969124523790295,0.13229857262772288,0.3707889749932476,-0.1261234773857819,False,True
"Amazon.com, Inc.",2022-10-06,2022-10-07,1,down,flat,0.21339066052799865,0.614830544893225,0.17177879457877643,0.21339066052799865,-0.4014398843652263,False,False
"Amazon.com, Inc.",2022-10-07,2022-10-10,1,flat,down,0.4991341023304363,0.3720586593255947,0.12880723834396882,0.4991341023304363,0.12707544300484164,True,False
"Amazon.com, Inc.",2022-10-10,2022-10-11,1,flat,flat,0.31448963996981216,0.47914808338809034,0.20636227664209733,0.31448963996981216,-0.16465844341827818,False,True
"Amazon.com, Inc.",2022-10-11,2022-10-12,1,flat,flat,0.3587269147584479,0.40440052734401033,0.23687255789754152,0.3587269147584479,-0.045673612585562406,False,True
"Amazon.com, Inc.",2022-10-12,2022-10-13,1,down,flat,0.2823547167532188,0.44334517336013546,0.2743001098866456,0.2823547167532188,-0.16099045660691663,False,False
"Amazon.com, Inc.",2022-10-13,2022-10-14,1,flat,down,0.5212203655349362,0.3083973230564038,0.1703823114086598,0.5212203655349362,0.2128230424785324,True,False
"Amazon.com, Inc.",2022-10-14,2022-10-17,1,flat,flat,0.22278280690231134,0.4777943728452345,0.29942282025245404,0.29942282025245404,-0.17837155259278048,False,True
"Amazon.com, Inc.",2022-10-17,2022-10-18,1,up,flat,0.2035066533327239,0.4498080069351515,0.3466853397321245,0.3466853397321245,-0.10312266720302699,False,False
"Amazon.com, Inc.",2022-10-18,2022-10-19,1,flat,flat,0.14168713574990893,0.4755119513018239,0.3828009129482669,0.3828009129482669,-0.09271103835355698,False,True
"Amazon.com, Inc.",2022-10-19,2022-10-20,1,flat,flat,0.3841366602315704,0.4909000406044276,0.12496329916400178,0.3841366602315704,-0.10676338037285721,False,True
"Amazon.com, Inc.",2022-10-20,2022-10-21,1,flat,flat,0.2189275107336482,0.5729757203711427,0.20809676889520903,0.2189275107336482,-0.35404820963749456,False,True
"Amazon.com, Inc.",2022-10-21,2022-10-24,1,flat,flat,0.17139067016298754,0.5163783802527242,0.31223094958428804,0.31223094958428804,-0.20414743066843616,False,True
"Amazon.com, Inc.",2022-10-24,2022-10-25,1,flat,flat,0.17536050619786175,0.5665582531160434,0.2580812406860948,0.2580812406860948,-0.30847701242994857,False,True
"Amazon.com, Inc.",2022-10-25,2022-10-26,1,down,flat,0.21310328284490782,0.5806766939069593,0.20622002324813293,0.21310328284490782,-0.3675734110620515,False,False
"Amazon.com, Inc.",2022-10-26,2022-10-27,1,down,down,0.5310416092170337,0.384411289262104,0.08454710152086226,0.5310416092170337,0.1466303199549297,True,True
"Amazon.com, Inc.",2022-10-27,2022-10-28,1,down,down,0.560618179213352,0.3016261976385577,0.1377556231480902,0.560618179213352,0.2589919815747943,True,True
"Amazon.com, Inc.",2022-10-28,2022-10-31,1,flat,down,0.5810397481520819,0.1355834999573018,0.2833767518906161,0.5810397481520819,0.44545624819478014,True,False
"Amazon.com, Inc.",2022-10-31,2022-11-01,1,flat,flat,0.16268891043669986,0.4264417887510321,0.4108693008122679,0.4108693008122679,-0.015572487938764201,False,True
"Amazon.com, Inc.",2022-11-01,2022-11-02,1,down,down,0.4417853858120425,0.2025059801957097,0.3557086339922478,0.4417853858120425,0.23927940561633282,True,True
"Amazon.com, Inc.",2022-11-02,2022-11-03,1,down,down,0.5345725745520731,0.22328258315609553,0.2421448422918315,0.5345725745520731,0.31128999139597757,True,True
"Amazon.com, Inc.",2022-11-03,2022-11-04,1,flat,down,0.4156927071465175,0.17871212925712446,0.4055951635963582,0.4156927071465175,0.23698057788939306,True,False
"Amazon.com, Inc.",2022-11-04,2022-11-07,1,flat,up,0.22952687392565174,0.25935133178736647,0.5111217942869819,0.5111217942869819,0.25177046249961543,True,False
"Amazon.com, Inc.",2022-11-07,2022-11-08,1,flat,flat,0.22877784417899494,0.4169604512046678,0.3542617046163373,0.3542617046163373,-0.06269874658833047,False,True
"Amazon.com, Inc.",2022-11-08,2022-11-09,1,flat,flat,0.33779697126444663,0.3582291833869004,0.3039738453486529,0.33779697126444663,-0.020432212122453774,False,True
"Amazon.com, Inc.",2022-11-09,2022-11-10,1,up,down,0.4095703977897599,0.32440317706077276,0.26602642514946734,0.4095703977897599,0.08516722072898714,True,False
"Amazon.com, Inc.",2022-11-10,2022-11-11,1,up,up,0.18343658936435925,0.3189494880594296,0.497613922576211,0.497613922576211,0.17866443451678143,True,True
"Amazon.com, Inc.",2022-11-11,2022-11-14,1,flat,flat,0.17001651198058082,0.5920975150557475,0.23788597296367164,0.23788597296367164,-0.35421154209207584,False,True
"Amazon.com, Inc.",2022-11-14,2022-11-15,1,flat,flat,0.3470582050616072,0.5193905232328014,0.13355127170559145,0.3470582050616072,-0.17233231817119427,False,True
"Amazon.com, Inc.",2022-11-15,2022-11-16,1,down,flat,0.21178415336590187,0.5470553942430687,0.24116045239102937,0.24116045239102937,-0.30589494185203936,False,False
"Amazon.com, Inc.",2022-11-16,2022-11-17,1,flat,flat,0.37342286848604,0.47725704646130673,0.14932008505265315,0.37342286848604,-0.10383417797526673,False,True
"Amazon.com, Inc.",2022-11-17,2022-11-18,1,flat,flat,0.3362371301309024,0.5045391926307075,0.15922367723838993,0.3362371301309024,-0.16830206249980506,False,True
"Amazon.com, Inc.",2022-11-18,2022-11-21,1,flat,flat,0.280742998894071,0.4817551949406536,0.2375018061652754,0.280742998894071,-0.2010121960465826,False,True
"Amazon.com, Inc.",2022-11-21,2022-11-22,1,flat,flat,0.3867282977608324,0.44073858111560604,0.1725331211235614,0.3867282977608324,-0.05401028335477365,False,True
"Amazon.com, Inc.",2022-11-22,2022-11-23,1,flat,flat,0.2987840756800714,0.4724186739663099,0.2287972503536186,0.2987840756800714,-0.17363459828623845,False,True
"Amazon.com, Inc.",2022-11-23,2022-11-25,1,flat,flat,0.15435878525909819,0.6136393890934775,0.23200182564742422,0.23200182564742422,-0.38163756344605326,False,True
"Amazon.com, Inc.",2022-11-25,2022-11-28,1,flat,flat,0.2044271741013638,0.5828042383050744,0.2127685875935616,0.2127685875935616,-0.37003565071151284,False,True
"Amazon.com, Inc.",2022-11-28,2022-11-29,1,flat,flat,0.23367104142408965,0.4465227547995931,0.31980620377631697,0.31980620377631697,-0.1267165510232761,False,True
"Amazon.com, Inc.",2022-11-29,2022-11-30,1,flat,flat,0.31331547438628793,0.509726581278066,0.17695794433564582,0.31331547438628793,-0.1964111068917781,False,True
"Amazon.com, Inc.",2022-11-30,2022-12-01,1,flat,flat,0.21347213296920467,0.4685369757632153,0.31799089126757984,0.31799089126757984,-0.15054608449563545,False,True
"Amazon.com, Inc.",2022-12-01,2022-12-02,1,down,flat,0.13711788153442234,0.639044874370688,0.22383724409488964,0.22383724409488964,-0.4152076302757984,False,False
"Amazon.com, Inc.",2022-12-02,2022-12-05,1,down,flat,0.3516359630745368,0.5318722039531334,0.11649183297232979,0.3516359630745368,-0.18023624087859658,False,False
"Amazon.com, Inc.",2022-12-05,2022-12-06,1,down,flat,0.38395949258792944,0.46164606358106147,0.154394443831009,0.38395949258792944,-0.07768657099313203,False,False
"Amazon.com, Inc.",2022-12-06,2022-12-07,1,flat,flat,0.3569160257336933,0.4237457425935387,0.21933823167276784,0.3569160257336933,-0.0668297168598454,False,True
"Amazon.com, Inc.",2022-12-07,2022-12-08,1,flat,flat,0.26403886052402153,0.4594783699664954,0.27648276950948303,0.27648276950948303,-0.18299560045701235,False,True
"Amazon.com, Inc.",2022-12-08,2022-12-09,1,flat,flat,0.2032959055142795,0.5026426508487611,0.29406144363695924,0.29406144363695924,-0.2085812072118019,False,True
"Amazon.com, Inc.",2022-12-09,2022-12-12,1,flat,flat,0.303354222185222,0.45572816983274567,0.2409176079820321,0.303354222185222,-0.15237394764752366,False,True
"Amazon.com, Inc.",2022-12-12,2022-12-13,1,up,flat,0.2529783029359419,0.45465874118372285,0.2923629558803351,0.2923629558803351,-0.16229578530338773,False,False
"Amazon.com, Inc.",2022-12-13,2022-12-14,1,down,up,0.16892963994841126,0.30666779211997597,0.5244025679316127,0.5244025679316127,0.2177347758116367,True,False
"Amazon.com, Inc.",2022-12-14,2022-12-15,1,down,flat,0.3799651957164536,0.4795877288891758,0.1404470753943704,0.3799651957164536,-0.09962253317272218,False,False
"Amazon.com, Inc.",2022-12-15,2022-12-16,1,flat,down,0.4620608942842287,0.4259428299833514,0.11199627573241974,0.4620608942842287,0.03611806430087727,True,False
"Amazon.com, Inc.",2022-12-16,2022-12-19,1,down,down,0.3680706571509581,0.35983096387041924,0.27209837897862243,0.3680706571509581,0.008239693280538862,True,True
"Amazon.com, Inc.",2022-12-19,2022-12-20,1,flat,flat,0.296229912285944,0.4658585838764639,0.23791150383759208,0.296229912285944,-0.16962867159051992,False,True
"Amazon.com, Inc.",2022-12-20,2022-12-21,1,flat,flat,0.3062535676623925,0.4356637670968828,0.25808266524072465,0.3062535676623925,-0.12941019943449034,False,True
"Amazon.com, Inc.",2022-12-21,2022-12-22,1,down,flat,0.1985293155205092,0.5267579382533596,0.27471274622613107,0.27471274622613107,-0.2520451920272285,False,False
"Amazon.com, Inc.",2022-12-22,2022-12-23,1,flat,down,0.4690539112490565,0.37862907285540565,0.1523170158955377,0.4690539112490565,0.09042483839365084,True,False
"Amazon.com, Inc.",2022-12-23,2022-12-27,1,flat,flat,0.2718306872998273,0.47615041663633983,0.25201889606383276,0.2718306872998273,-0.20431972933651255,False,True
"Amazon.com, Inc.",2022-12-27,2022-12-28,1,down,flat,0.22429585930093293,0.5063771689144039,0.269326971784663,0.269326971784663,-0.23705019712974085,False,False
"Amazon.com, Inc.",2022-12-28,2022-12-29,1,flat,flat,0.3319313926441966,0.45412710610200446,0.21394150125379874,0.3319313926441966,-0.12219571345780789,False,True
"Amazon.com, Inc.",2022-12-29,2022-12-30,1,flat,flat,0.17456464387328824,0.5281666433004262,0.29726871282628553,0.29726871282628553,-0.23089793047414064,False,True
"Amazon.com, Inc.",2022-12-30,2023-01-03,1,up,flat,0.25878217587104646,0.4854107419124274,0.255807082216526,0.25878217587104646,-0.22662856604138093,False,False
"Amazon.com, Inc.",2023-01-03,2023-01-04,1,flat,flat,0.1956096118190223,0.41587628879552907,0.38851409938544856,0.38851409938544856,-0.027362189410080506,False,True
"Amazon.com, Inc.",2023-01-04,2023-01-05,1,flat,flat,0.3182431844352839,0.4874166191412308,0.1943401964234852,0.3182431844352839,-0.16917343470594692,False,True
"Amazon.com, Inc.",2023-01-05,2023-01-06,1,flat,flat,0.35265733336194804,0.4867843783518204,0.1605582882862315,0.35265733336194804,-0.13412704498987238,False,True
"Amazon.com, Inc.",2023-01-06,2023-01-09,1,up,flat,0.33116865279220237,0.4125592797844039,0.25627206742339365,0.33116865279220237,-0.08139062699220151,False,False
"Amazon.com, Inc.",2023-01-09,2023-01-10,1,flat,flat,0.135468087257505,0.48972719207318405,0.374804720669311,0.374804720669311,-0.11492247140387307,False,True
"Amazon.com, Inc.",2023-01-10,2023-01-11,1,up,flat,0.24415362457748474,0.5020553855318834,0.25379098989063154,0.25379098989063154,-0.2482643956412519,False,False
"Amazon.com, Inc.",2023-01-11,2023-01-12,1,up,flat,0.22010381498430948,0.3918639966005489,0.3880321884151416,0.3880321884151416,-0.0038318081854072927,False,False
"Amazon.com, Inc.",2023-01-12,2023-01-13,1,flat,flat,0.24658617301119307,0.49046490858790803,0.26294891840089885,0.26294891840089885,-0.2275159901870092,False,True
"Amazon.com, Inc.",2023-01-13,2023-01-17,1,flat,flat,0.29089403741513475,0.4871169170500557,0.2219890455348095,0.29089403741513475,-0.19622287963492097,False,True
"Amazon.com, Inc.",2023-01-17,2023-01-18,1,flat,flat,0.27469027304167637,0.5091818511215329,0.21612787583679072,0.27469027304167637,-0.23449157807985654,False,True
"Amazon.com, Inc.",2023-01-18,2023-01-19,1,down,flat,0.3453285272769622,0.48454952934717743,0.1701219433758602,0.3453285272769622,-0.1392210020702152,False,False
"Amazon.com, Inc.",2023-01-19,2023-01-20,1,flat,down,0.4473530989562152,0.40701386333809997,0.14563303770568473,0.4473530989562152,0.040339235618115254,True,False
"Amazon.com, Inc.",2023-01-20,2023-01-23,1,flat,flat,0.22627968217989866,0.46556925799298043,0.30815105982712077,0.30815105982712077,-0.15741819816585967,False,True
"Amazon.com, Inc.",2023-01-23,2023-01-24,1,flat,flat,0.22819698438730995,0.4446852429808291,0.3271177726318609,0.3271177726318609,-0.1175674703489682,False,True
"Amazon.com, Inc.",2023-01-24,2023-01-25,1,down,flat,0.39460177009501907,0.4487100022943772,0.15668822761060372,0.39460177009501907,-0.05410823219935812,False,False
"Amazon.com, Inc.",2023-01-25,2023-01-26,1,up,down,0.5717571314728329,0.30083565907410154,0.12740720945306555,0.5717571314728329,0.2709214723987314,True,False
"Amazon.com, Inc.",2023-01-26,2023-01-27,1,up,flat,0.17276182619589275,0.48194127524333,0.34529689856077705,0.34529689856077705,-0.13664437668255297,False,False
"Amazon.com, Inc.",2023-01-27,2023-01-30,1,flat,up,0.1889026599495083,0.3346013501628856,0.476495989887606,0.476495989887606,0.14189463972472038,True,False
"Amazon.com, Inc.",2023-01-30,2023-01-31,1,flat,flat,0.38904266262596965,0.4966520947280314,0.11430524264599876,0.38904266262596965,-0.10760943210206175,False,True
"Amazon.com, Inc.",2023-01-31,2023-02-01,1,flat,flat,0.2282001938861808,0.49478608435669114,0.277013721757128,0.277013721757128,-0.21777236259956312,False,True
"Amazon.com, Inc.",2023-02-01,2023-02-02,1,up,up,0.2328945211798863,0.34076470291172223,0.4263407759083915,0.4263407759083915,0.08557607299666925,True,True
"Amazon.com, Inc.",2023-02-02,2023-02-03,1,down,up,0.16576411322620974,0.331285388052852,0.5029504987209381,0.5029504987209381,0.1716651106680861,True,False
"Amazon.com, Inc.",2023-02-03,2023-02-06,1,down,down,0.5736630684343559,0.33983233276828967,0.08650459879735435,0.5736630684343559,0.23383073566606621,True,True
"Amazon.com, Inc.",2023-02-06,2023-02-07,1,flat,flat,0.37762212782975974,0.47982040496680967,0.14255746720343046,0.37762212782975974,-0.10219827713704993,False,True
"Amazon.com, Inc.",2023-02-07,2023-02-08,1,flat,down,0.3777648878294011,0.3405293389282985,0.2817057732423003,0.3777648878294011,0.03723554890110259,True,False
"Amazon.com, Inc.",2023-02-08,2023-02-09,1,flat,flat,0.24667250555755382,0.5462785867556398,0.20704890768680617,0.24667250555755382,-0.29960608119808596,False,True
"Amazon.com, Inc.",2023-02-09,2023-02-10,1,flat,flat,0.3921125902685484,0.45160251452100963,0.15628489521044187,0.3921125902685484,-0.059489924252461246,False,True
"Amazon.com, Inc.",2023-02-10,2023-02-13,1,flat,flat,0.3847710458139191,0.45183026264457293,0.16339869154150785,0.3847710458139191,-0.06705921683065386,False,True
"Amazon.com, Inc.",2023-02-13,2023-02-14,1,flat,flat,0.15523996024098524,0.6025146424839581,0.2422453972750567,0.2422453972750567,-0.36026924520890147,False,True
"Amazon.com, Inc.",2023-02-14,2023-02-15,1,flat,flat,0.15831592744516232,0.5825352490053711,0.25914882354946656,0.25914882354946656,-0.32338642545590457,False,True
"Amazon.com, Inc.",2023-02-15,2023-02-16,1,flat,flat,0.14121156080751343,0.6843968017963761,0.17439163739611063,0.17439163739611063,-0.5100051644002654,False,True
"Amazon.com, Inc.",2023-02-16,2023-02-17,1,flat,flat,0.36707134383007356,0.47298202497765796,0.15994663119226835,0.36707134383007356,-0.1059106811475844,False,True
"Amazon.com, Inc.",2023-02-17,2023-02-21,1,down,flat,0.3811574852036394,0.47230902248204676,0.14653349231431373,0.3811574852036394,-0.09115153727840736,False,False
"Amazon.com, Inc.",2023-02-21,2023-02-22,1,flat,flat,0.36024586380722734,0.4461268986537301,0.1936272375390425,0.36024586380722734,-0.08588103484650278,False,True
"Amazon.com, Inc.",2023-02-22,2023-02-23,1,flat,flat,0.17067665765991832,0.5510002074428572,0.2783231348972245,0.2783231348972245,-0.27267707254563267,False,True
"Amazon.com, Inc.",2023-02-23,2023-02-24,1,down,flat,0.2645381173164003,0.5206219940044395,0.21483988867916004,0.2645381173164003,-0.2560838766880392,False,False
"Amazon.com, Inc.",2023-02-24,2023-02-27,1,flat,down,0.4941424783221712,0.35343787084573486,0.15241965083209397,0.4941424783221712,0.14070460747643632,True,False
"Amazon.com, Inc.",2023-02-27,2023-02-28,1,flat,flat,0.1704684867917515,0.5899114789850954,0.23962003422315287,0.23962003422315287,-0.35029144476194257,False,True
"Amazon.com, Inc.",2023-02-28,2023-03-01,1,flat,flat,0.2524671292322079,0.4985309329814287,0.24900193778636334,0.2524671292322079,-0.24606380374922082,False,True
"Amazon.com, Inc.",2023-03-01,2023-03-02,1,down,flat,0.3635254768067352,0.43480242362847454,0.20167209956479004,0.3635254768067352,-0.07127694682173935,False,False
"Amazon.com, Inc.",2023-03-02,2023-03-03,1,up,down,0.4045231721127558,0.4005122670470148,0.19496456084022928,0.4045231721127558,0.004010905065740977,True,False
"Amazon.com, Inc.",2023-03-03,2023-03-06,1,flat,flat,0.13775246018892723,0.4901399502714093,0.3721075895396634,0.3721075895396634,-0.11803236073174589,False,True
"Amazon.com, Inc.",2023-03-06,2023-03-07,1,flat,flat,0.17555844976590584,0.5426591878846285,0.28178236234946585,0.28178236234946585,-0.26087682553516267,False,True
"Amazon.com, Inc.",2023-03-07,2023-03-08,1,flat,flat,0.4115604775763926,0.4238179899978597,0.16462153242574767,0.4115604775763926,-0.01225751242146711,False,True
"Amazon.com, Inc.",2023-03-08,2023-03-09,1,flat,flat,0.36109310464367517,0.4237760331412064,0.21513086221511826,0.36109310464367517,-0.06268292849753121,False,True
"Amazon.com, Inc.",2023-03-09,2023-03-10,1,down,flat,0.295446714221329,0.4115010390541981,0.2930522467244727,0.295446714221329,-0.1160543248328691,False,False
"Amazon.com, Inc.",2023-03-10,2023-03-13,1,flat,down,0.46074070766512076,0.3667709757122773,0.17248831662260186,0.46074070766512076,0.09396973195284347,True,False
"Amazon.com, Inc.",2023-03-13,2023-03-14,1,up,down,0.3931990377078809,0.3720710377957352,0.2347299244963839,0.3931990377078809,0.0211279999121457,True,False
"Amazon.com, Inc.",2023-03-14,2023-03-15,1,flat,flat,0.13977142146127375,0.47990805003760106,0.380320528501125,0.380320528501125,-0.09958752153647604,False,True
"Amazon.com, Inc.",2023-03-15,2023-03-16,1,up,flat,0.23668957645282854,0.46767569070589354,0.29563473284127795,0.29563473284127795,-0.1720409578646156,False,False
"Amazon.com, Inc.",2023-03-16,2023-03-17,1,flat,flat,0.18471039655631413,0.4317530548837735,0.38353654855991226,0.38353654855991226,-0.04821650632386126,False,True
"Amazon.com, Inc.",2023-03-17,2023-03-20,1,down,flat,0.24620110045095253,0.47658416566558337,0.2772147338834639,0.2772147338834639,-0.19936943178211947,False,False
"Amazon.com, Inc.",2023-03-20,2023-03-21,1,flat,flat,0.37067357891681846,0.49095294681451657,0.13837347426866486,0.37067357891681846,-0.12027936789769811,False,True
"Amazon.com, Inc.",2023-03-21,2023-03-22,1,flat,flat,0.16062377126410393,0.5086905030389881,0.3306857256969078,0.3306857256969078,-0.1780047773420803,False,True
"Amazon.com, Inc.",2023-03-22,2023-03-23,1,flat,flat,0.2076401712396866,0.49598083824287,0.2963789905174433,0.2963789905174433,-0.19960184772542666,False,True
"Amazon.com, Inc.",2023-03-23,2023-03-24,1,flat,flat,0.3789971901349384,0.4569847958814125,0.16401801398364904,0.3789971901349384,-0.07798760574647412,False,True
"Amazon.com, Inc.",2023-03-24,2023-03-27,1,flat,down,0.4260183339269677,0.4046685294433642,0.16931313662966813,0.4260183339269677,0.02134980448360352,True,False
"Amazon.com, Inc.",2023-03-27,2023-03-28,1,flat,flat,0.19994898498543884,0.5311734516705959,0.26887756334396506,0.26887756334396506,-0.26229588832663087,False,True
"Amazon.com, Inc.",2023-03-28,2023-03-29,1,flat,flat,0.30135120635996093,0.5124805954437438,0.1861681981962951,0.30135120635996093,-0.21112938908378287,False,True
"Amazon.com, Inc.",2023-03-29,2023-03-30,1,up,flat,0.15462517240165768,0.4359015544135709,0.40947327318477145,0.40947327318477145,-0.026428281228799477,False,False
"Amazon.com, Inc.",2023-03-30,2023-03-31,1,flat,flat,0.13363795748897594,0.5036724100707368,0.3626896324402873,0.3626896324402873,-0.14098277763044953,False,True
"Amazon.com, Inc.",2023-03-31,2023-04-03,1,flat,flat,0.22489210298449158,0.4890519453820327,0.28605595163347575,0.28605595163347575,-0.20299599374855698,False,True
"Amazon.com, Inc.",2023-04-03,2023-04-04,1,flat,flat,0.31896146233948697,0.5504941762765214,0.13054436138399148,0.31896146233948697,-0.23153271393703445,False,True
"Amazon.com, Inc.",2023-04-04,2023-04-05,1,flat,flat,0.17078035164342276,0.4216037109994264,0.40761593735715085,0.40761593735715085,-0.013987773642275547,False,True
"Amazon.com, Inc.",2023-04-05,2023-04-06,1,flat,flat,0.3402589021876946,0.49887128829657634,0.16086980951572882,0.3402589021876946,-0.15861238610888173,False,True
"Amazon.com, Inc.",2023-04-06,2023-04-10,1,flat,flat,0.3798505127949564,0.444845396815172,0.17530409038987146,0.3798505127949564,-0.06499488402021558,False,True
"Amazon.com, Inc.",2023-04-10,2023-04-11,1,flat,flat,0.24450920660101927,0.5254921294153163,0.22999866398366425,0.24450920660101927,-0.28098292281429704,False,True
"Amazon.com, Inc.",2023-04-11,2023-04-12,1,flat,down,0.4353271835490097,0.3638645983658715,0.2008082180851188,0.4353271835490097,0.0714625851831382,True,False
"Amazon.com, Inc.",2023-04-12,2023-04-13,1,up,down,0.43512721200335497,0.35520520078857165,0.2096675872080734,0.43512721200335497,0.07992201121478332,True,False
"Amazon.com, Inc.",2023-04-13,2023-04-14,1,flat,up,0.18855790189052926,0.375258949475851,0.43618314863361973,0.43618314863361973,0.060924199157768755,True,False
"Amazon.com, Inc.",2023-04-14,2023-04-17,1,flat,flat,0.16574957409049806,0.5550026166755243,0.27924780923397774,0.27924780923397774,-0.27575480744154657,False,True
"Amazon.com, Inc.",2023-04-17,2023-04-18,1,flat,flat,0.20880172219835336,0.585095999720971,0.2061022780806757,0.20880172219835336,-0.3762942775226177,False,True
"Amazon.com, Inc.",2023-04-18,2023-04-19,1,flat,flat,0.2442423219461265,0.5400262507651762,0.2157314272886972,0.2442423219461265,-0.2957839288190497,False,True
"Amazon.com, Inc.",2023-04-19,2023-04-20,1,flat,flat,0.33087737673697315,0.371885010593844,0.2972376126691826,0.33087737673697315,-0.04100763385687084,False,True
"Amazon.com, Inc.",2023-04-20,2023-04-21,1,up,flat,0.2048696151667736,0.4499150379758279,0.3452153468573984,0.3452153468573984,-0.10469969111842947,False,False
"Amazon.com, Inc.",2023-04-21,2023-04-24,1,flat,up,0.2619645566760667,0.23705178915559758,0.5009836541683357,0.5009836541683357,0.26393186501273813,True,False
"Amazon.com, Inc.",2023-04-24,2023-04-25,1,down,flat,0.3193259920410165,0.450820252221936,0.22985375573704736,0.3193259920410165,-0.13149426018091948,False,False
"Amazon.com, Inc.",2023-04-25,2023-04-26,1,flat,down,0.5158051765797428,0.3714127154303444,0.11278210798991287,0.5158051765797428,0.1443924611493984,True,False
"Amazon.com, Inc.",2023-04-26,2023-04-27,1,up,flat,0.20804897428446933,0.4072754014034501,0.3846756243120805,0.3846756243120805,-0.022599777091369566,False,False
"Amazon.com, Inc.",2023-04-27,2023-04-28,1,down,up,0.27352370608408627,0.2077496386118203,0.5187266553040935,0.5187266553040935,0.3109770166922732,True,False
"Amazon.com, Inc.",2023-04-28,2023-05-01,1,down,down,0.5962303136843361,0.3001890306071483,0.1035806557085154,0.5962303136843361,0.2960412830771878,True,True
"Amazon.com, Inc.",2023-05-01,2023-05-02,1,flat,down,0.4793880387292676,0.3771540304747913,0.143457930795941,0.4793880387292676,0.10223400825447632,True,False
"Amazon.com, Inc.",2023-05-02,2023-05-03,1,flat,down,0.37135007134913145,0.351986636034053,0.2766632926168155,0.37135007134913145,0.019363435315078448,True,False
"Amazon.com, Inc.",2023-05-03,2023-05-04,1,flat,flat,0.1491330439673656,0.4709741640883278,0.37989279194430664,0.37989279194430664,-0.09108137214402118,False,True
"Amazon.com, Inc.",2023-05-04,2023-05-05,1,flat,flat,0.2641862290712802,0.5448161297197899,0.19099764120892973,0.2641862290712802,-0.2806299006485097,False,True
"Amazon.com, Inc.",2023-05-05,2023-05-08,1,flat,flat,0.22820146505448363,0.444000980288355,0.3277975546571612,0.3277975546571612,-0.11620342563119379,False,True
"Amazon.com, Inc.",2023-05-08,2023-05-09,1,flat,flat,0.18609473888600073,0.5893185954083351,0.2245866657056642,0.2245866657056642,-0.3647319297026709,False,True
"Amazon.com, Inc.",2023-05-09,2023-05-10,1,up,flat,0.1651304990975975,0.6157314924750424,0.2191380084273601,0.2191380084273601,-0.39659348404768235,False,False
"Amazon.com, Inc.",2023-05-10,2023-05-11,1,up,up,0.13701483984474686,0.32603935598986755,0.5369458041653856,0.5369458041653856,0.21090644817551807,True,True
"Amazon.com, Inc.",2023-05-11,2023-05-12,1,flat,flat,0.1993021621553696,0.43998014709472666,0.36071769074990356,0.36071769074990356,-0.0792624563448231,False,True
"Amazon.com, Inc.",2023-05-12,2023-05-15,1,flat,flat,0.3242673710819858,0.5727837201294576,0.1029489087885567,0.3242673710819858,-0.24851634904747177,False,True
"Amazon.com, Inc.",2023-05-15,2023-05-16,1,flat,flat,0.28827473483129296,0.5581071907052646,0.15361807446344242,0.28827473483129296,-0.26983245587397164,False,True
"Amazon.com, Inc.",2023-05-16,2023-05-17,1,up,flat,0.18551287521288246,0.43217190473440276,0.3823152200527148,0.3823152200527148,-0.04985668468168797,False,False
"Amazon.com, Inc.",2023-05-17,2023-05-18,1,up,flat,0.17338885237018128,0.5257006452275915,0.3009105024022273,0.3009105024022273,-0.22479014282536425,False,False
"Amazon.com, Inc.",2023-05-18,2023-05-19,1,flat,flat,0.22485630304074183,0.4648968274407215,0.3102468695185366,0.3102468695185366,-0.15464995792218494,False,True
"Amazon.com, Inc.",2023-05-19,2023-05-22,1,down,flat,0.32319825212098907,0.5604958465002328,0.11630590137877805,0.32319825212098907,-0.2372975943792437,False,False
"Amazon.com, Inc.",2023-05-22,2023-05-23,1,flat,down,0.46996251536387285,0.39136681591037215,0.13867066872575495,0.46996251536387285,0.0785956994535007,True,False
"Amazon.com, Inc.",2023-05-23,2023-05-24,1,flat,flat,0.3364906307155864,0.4302349737884036,0.2332743954960098,0.3364906307155864,-0.0937443430728172,False,True
"Amazon.com, Inc.",2023-05-24,2023-05-25,1,flat,flat,0.17955768130571736,0.49690304377995465,0.323539274914328,0.323539274914328,-0.17336376886562666,False,True
"Amazon.com, Inc.",2023-05-25,2023-05-26,1,up,down,0.40027117739135987,0.38769216924291805,0.21203665336572192,0.40027117739135987,0.012579008148441817,True,False
"Amazon.com, Inc.",2023-05-26,2023-05-30,1,up,up,0.2806366125297293,0.24171800327947562,0.477645384190795,0.477645384190795,0.23592738091131937,True,True
"Amazon.com, Inc.",2023-05-30,2023-05-31,1,flat,flat,0.2567648867905037,0.42567216335313784,0.31756294985635825,0.31756294985635825,-0.1081092134967796,False,True
"Amazon.com, Inc.",2023-05-31,2023-06-01,1,flat,down,0.46533428240176744,0.37642973811611957,0.15823597948211293,0.46533428240176744,0.08890454428564787,True,False
"Amazon.com, Inc.",2023-06-01,2023-06-02,1,up,flat,0.2456701797449365,0.4870603261121984,0.2672694941428651,0.2672694941428651,-0.2197908319693333,False,False
"Amazon.com, Inc.",2023-06-02,2023-06-05,1,flat,up,0.20838084218584912,0.3889844335717706,0.40263472424238017,0.40263472424238017,0.013650290670609577,True,False
"Amazon.com, Inc.",2023-06-05,2023-06-06,1,flat,flat,0.3249151951370361,0.5348824731274207,0.1402023317355432,0.3249151951370361,-0.20996727799038456,False,True
"Amazon.com, Inc.",2023-06-06,2023-06-07,1,down,flat,0.21738213890891672,0.552703830521075,0.22991403057000834,0.22991403057000834,-0.3227897999510666,False,False
"Amazon.com, Inc.",2023-06-07,2023-06-08,1,flat,down,0.5396822196206238,0.2850347865937081,0.175282993785668,0.5396822196206238,0.25464743302691567,True,False
"Amazon.com, Inc.",2023-06-08,2023-06-09,1,flat,flat,0.31187724002861766,0.423354350335154,0.26476840963622816,0.31187724002861766,-0.11147711030653634,False,True
"Amazon.com, Inc.",2023-06-09,2023-06-12,1,flat,flat,0.2353351817871987,0.458042329016883,0.3066224891959183,0.3066224891959183,-0.15141983982096474,False,True
"Amazon.com, Inc.",2023-06-12,2023-06-13,1,flat,flat,0.20493926431091014,0.4783812937895905,0.31667944189949937,0.31667944189949937,-0.16170185189009112,False,True
"Amazon.com, Inc.",2023-06-13,2023-06-14,1,flat,flat,0.199094852540527,0.5228576651755286,0.2780474822839444,0.2780474822839444,-0.24481018289158418,False,True
"Amazon.com, Inc.",2023-06-14,2023-06-15,1,flat,flat,0.3720860205264388,0.42818974125009135,0.19972423822346974,0.3720860205264388,-0.05610372072365255,False,True
"Amazon.com, Inc.",2023-06-15,2023-06-16,1,flat,flat,0.3086886313514508,0.39056951881830027,0.3007418498302489,0.3086886313514508,-0.08188088746684946,False,True
"Amazon.com, Inc.",2023-06-16,2023-06-20,1,flat,up,0.3132669980524,0.3096177834191577,0.3771152185284423,0.3771152185284423,0.06749743510928463,True,False
"Amazon.com, Inc.",2023-06-20,2023-06-21,1,flat,flat,0.36175179863777696,0.3761920216127421,0.26205617974948087,0.36175179863777696,-0.014440222974965167,False,True
"Amazon.com, Inc.",2023-06-21,2023-06-22,1,up,flat,0.277597941458716,0.40511197717390307,0.3172900813673808,0.3172900813673808,-0.08782189580652228,False,False
"Amazon.com, Inc.",2023-06-22,2023-06-23,1,flat,up,0.22405171706903476,0.2511673835601426,0.5247808993708227,0.5247808993708227,0.2736135158106801,True,False
"Amazon.com, Inc.",2023-06-23,2023-06-26,1,flat,flat,0.23446455457394394,0.4517070483907392,0.31382839703531673,0.31382839703531673,-0.1378786513554225,False,True
"Amazon.com, Inc.",2023-06-26,2023-06-27,1,flat,flat,0.3446909026688322,0.451317229302054,0.20399186802911376,0.3446909026688322,-0.1066263266332218,False,True
"Amazon.com, Inc.",2023-06-27,2023-06-28,1,flat,flat,0.23240665658073117,0.540916290131297,0.2266770532879717,0.23240665658073117,-0.3085096335505659,False,True
"Amazon.com, Inc.",2023-06-28,2023-06-29,1,flat,flat,0.17520375342508565,0.4451761828131814,0.37962006376173285,0.37962006376173285,-0.06555611905144854,False,True
"Amazon.com, Inc.",2023-06-29,2023-06-30,1,flat,flat,0.30117823023484724,0.48177480550562335,0.21704696425952927,0.30117823023484724,-0.1805965752707761,False,True
"Amazon.com, Inc.",2023-06-30,2023-07-03,1,flat,up,0.166574958830362,0.351656034615899,0.4817690065537389,0.4817690065537389,0.13011297193783988,True,False
"Amazon.com, Inc.",2023-07-03,2023-07-05,1,flat,flat,0.1897221270151353,0.5759335669679015,0.23434430601696316,0.23434430601696316,-0.3415892609509384,False,True
"Amazon.com, Inc.",2023-07-05,2023-07-06,1,down,flat,0.32422229923413354,0.43310536847164466,0.24267233229422164,0.32422229923413354,-0.10888306923751112,False,False
"Amazon.com, Inc.",2023-07-06,2023-07-07,1,flat,flat,0.32018171261960787,0.4149417282407263,0.2648765591396658,0.32018171261960787,-0.09476001562111841,False,True
"Amazon.com, Inc.",2023-07-07,2023-07-10,1,down,flat,0.1349618886484684,0.4853826127151004,0.3796554986364311,0.3796554986364311,-0.1057271140786693,False,False
"Amazon.com, Inc.",2023-07-10,2023-07-11,1,flat,down,0.38249235435675666,0.3605963168626513,0.2569113287805918,0.38249235435675666,0.021896037494105347,True,False
"Amazon.com, Inc.",2023-07-11,2023-07-12,1,up,up,0.17945009028764602,0.40044875734188756,0.4201011523704663,0.4201011523704663,0.01965239502857874,True,True
"Amazon.com, Inc.",2023-07-12,2023-07-13,1,up,up,0.15227131410689937,0.3962061100457567,0.451522575847344,0.451522575847344,0.05531646580158733,True,True
"Amazon.com, Inc.",2023-07-13,2023-07-14,1,flat,up,0.16278326354728365,0.3619984925415757,0.47521824391114065,0.47521824391114065,0.11321975136956497,True,False
"Amazon.com, Inc.",2023-07-14,2023-07-17,1,flat,flat,0.25288785625769394,0.42773434239934405,0.319377801342962,0.319377801342962,-0.10835654105638204,False,True
"Amazon.com, Inc.",2023-07-17,2023-07-18,1,down,flat,0.3112079665990013,0.4716325899046383,0.2171594434963603,0.3112079665990013,-0.160424623305637,False,False
"Amazon.com, Inc.",2023-07-18,2023-07-19,1,flat,flat,0.30135992859968663,0.4023863875714566,0.2962536838288566,0.30135992859968663,-0.10102645897176998,False,True
"Amazon.com, Inc.",2023-07-19,2023-07-20,1,down,up,0.15672298969015325,0.4062293909168488,0.43704761939299797,0.43704761939299797,0.03081822847614918,True,False
"Amazon.com, Inc.",2023-07-20,2023-07-21,1,down,down,0.3786938665898263,0.3667176790490765,0.25458845436109717,0.3786938665898263,0.011976187540749805,True,True
"Amazon.com, Inc.",2023-07-21,2023-07-24,1,flat,down,0.49726730408722286,0.22336888415204378,0.2793638117607333,0.49726730408722286,0.27389841993517905,True,False
"Amazon.com, Inc.",2023-07-24,2023-07-25,1,flat,flat,0.24204723137799716,0.45213267101557997,0.3058200976064228,0.3058200976064228,-0.14631257340915715,False,True
"Amazon.com, Inc.",2023-07-25,2023-07-26,1,down,flat,0.21510157973085414,0.4615735694411728,0.323324850827973,0.323324850827973,-0.13824871861319976,False,False
"Amazon.com, Inc.",2023-07-26,2023-07-27,1,up,flat,0.34914130675046606,0.39342775399782476,0.25743093925170907,0.34914130675046606,-0.044286447247358696,False,False
"Amazon.com, Inc.",2023-07-27,2023-07-28,1,flat,up,0.11352212661708312,0.37787024856768225,0.5086076248152347,0.5086076248152347,0.13073737624755244,True,False
"Amazon.com, Inc.",2023-07-28,2023-07-31,1,up,flat,0.15904249138953985,0.44655747052249306,0.3944000380879671,0.3944000380879671,-0.052157432434525974,False,False
"Amazon.com, Inc.",2023-07-31,2023-08-01,1,flat,flat,0.13788118516491138,0.5568184651914034,0.3053003496436852,0.3053003496436852,-0.25151811554771825,False,True
"Amazon.com, Inc.",2023-08-01,2023-08-02,1,down,flat,0.29129601571930896,0.5123964187333067,0.1963075655473842,0.29129601571930896,-0.2211004030139977,False,False
"Amazon.com, Inc.",2023-08-02,2023-08-03,1,flat,down,0.4329704920350389,0.3592370544642016,0.20779245350075937,0.4329704920350389,0.07373343757083728,True,False
"Amazon.com, Inc.",2023-08-03,2023-08-04,1,up,down,0.38057978201281073,0.32023260440094503,0.2991876135862441,0.38057978201281073,0.0603471776118657,True,False
"Amazon.com, Inc.",2023-08-04,2023-08-07,1,flat,up,0.1563018347018646,0.2768825455149491,0.5668156197831861,0.5668156197831861,0.28993307426823695,True,False
"Amazon.com, Inc.",2023-08-07,2023-08-08,1,flat,flat,0.3236451844074567,0.5273148796871643,0.14903993590537884,0.3236451844074567,-0.20366969527970757,False,True
"Amazon.com, Inc.",2023-08-08,2023-08-09,1,flat,flat,0.38251899167240466,0.5192018733014481,0.09827913502614706,0.38251899167240466,-0.1366828816290434,False,True
"Amazon.com, Inc.",2023-08-09,2023-08-10,1,flat,flat,0.2566817398946435,0.5181721090148386,0.22514615109051786,0.2566817398946435,-0.2614903691201951,False,True
"Amazon.com, Inc.",2023-08-10,2023-08-11,1,flat,flat,0.21899068622015883,0.4736928428258328,0.3073164709540082,0.3073164709540082,-0.16637637187182458,False,True
"Amazon.com, Inc.",2023-08-11,2023-08-14,1,flat,flat,0.20896967666115926,0.5698278800063843,0.22120244333245642,0.22120244333245642,-0.34862543667392787,False,True
"Amazon.com, Inc.",2023-08-14,2023-08-15,1,flat,flat,0.16814345281468274,0.5466191617442187,0.2852373854410986,0.2852373854410986,-0.26138177630312004,False,True
"Amazon.com, Inc.",2023-08-15,2023-08-16,1,down,flat,0.2671253814333432,0.5574747190158895,0.1753998995507672,0.2671253814333432,-0.29034933758254633,False,False
"Amazon.com, Inc.",2023-08-16,2023-08-17,1,flat,flat,0.3130707339795149,0.49070934286649087,0.1962199231539941,0.3130707339795149,-0.17763860888697597,False,True
"Amazon.com, Inc.",2023-08-17,2023-08-18,1,down,flat,0.2623057438675209,0.46313981718484354,0.2745544389476353,0.2745544389476353,-0.18858537823720822,False,False
"Amazon.com, Inc.",2023-08-18,2023-08-21,1,flat,flat,0.27146976789953464,0.45210620676700597,0.27642402533345933,0.27642402533345933,-0.17568218143354664,False,True
"Amazon.com, Inc.",2023-08-21,2023-08-22,1,flat,flat,0.11901751867346558,0.562530821035958,0.31845166029057637,0.31845166029057637,-0.2440791607453816,False,True
"Amazon.com, Inc.",2023-08-22,2023-08-23,1,flat,flat,0.14249538103961792,0.5907037337163547,0.26680088524402745,0.26680088524402745,-0.3239028484723272,False,True
"Amazon.com, Inc.",2023-08-23,2023-08-24,1,flat,flat,0.2778556515636313,0.45464708900054507,0.2674972594358235,0.2778556515636313,-0.17679143743691378,False,True
"Amazon.com, Inc.",2023-08-24,2023-08-25,1,down,flat,0.24797710633077938,0.5108475001844381,0.24117539348478234,0.24797710633077938,-0.26287039385365873,False,False
"Amazon.com, Inc.",2023-08-25,2023-08-28,1,flat,flat,0.2824582683499699,0.46025008825004726,0.2572916433999827,0.2824582683499699,-0.17779181990007736,False,True
"Amazon.com, Inc.",2023-08-28,2023-08-29,1,flat,flat,0.12143414955744063,0.5863589901022224,0.292206860340337,0.292206860340337,-0.2941521297618854,False,True
"Amazon.com, Inc.",2023-08-29,2023-08-30,1,flat,flat,0.13976594512314486,0.550997124879369,0.3092369299974861,0.3092369299974861,-0.24176019488188294,False,True
"Amazon.com, Inc.",2023-08-30,2023-08-31,1,up,flat,0.14276453143103157,0.6157665304064083,0.24146893816256026,0.24146893816256026,-0.374297592243848,False,False
"Amazon.com, Inc.",2023-08-31,2023-09-01,1,up,up,0.15367771033376953,0.3164723399437888,0.5298499497224418,0.5298499497224418,0.213377609778653,True,True
"Amazon.com, Inc.",2023-09-01,2023-09-05,1,down,flat,0.18212575041126933,0.47011074913112294,0.34776350045760784,0.34776350045760784,-0.1223472486735151,False,False
"Amazon.com, Inc.",2023-09-05,2023-09-06,1,flat,flat,0.3505102194548278,0.42484910480502547,0.22464067574014654,0.3505102194548278,-0.07433888535019767,False,True
"Amazon.com, Inc.",2023-09-06,2023-09-07,1,flat,flat,0.33130716591959586,0.3684572792611782,0.3002355548192258,0.33130716591959586,-0.03715011334158236,False,True
"Amazon.com, Inc.",2023-09-07,2023-09-08,1,up,up,0.2953346667828892,0.3201606423048794,0.38450469091223133,0.38450469091223133,0.06434404860735193,True,True
"Amazon.com, Inc.",2023-09-08,2023-09-11,1,up,flat,0.13515144658111394,0.44357343009574834,0.42127512332313766,0.42127512332313766,-0.022298306772610688,False,False
"Amazon.com, Inc.",2023-09-11,2023-09-12,1,flat,up,0.15823348931558384,0.2585545629786166,0.5832119477057996,0.5832119477057996,0.32465738472718303,True,False
"Amazon.com, Inc.",2023-09-12,2023-09-13,1,flat,flat,0.2537642043870966,0.45021391483183826,0.2960218807810651,0.2960218807810651,-0.15419203405077314,False,True
"Amazon.com, Inc.",2023-09-13,2023-09-14,1,flat,up,0.2324159666247741,0.3217251746934082,0.4458588586818178,0.4458588586818178,0.12413368398840957,True,False
"Amazon.com, Inc.",2023-09-14,2023-09-15,1,down,up,0.2441945762562416,0.32334429225218775,0.4324611314915706,0.4324611314915706,0.10911683923938287,True,False
"Amazon.com, Inc.",2023-09-15,2023-09-18,1,flat,down,0.5717090023643319,0.24004935448756082,0.1882416431481072,0.5717090023643319,0.33165964787677105,True,False
"Amazon.com, Inc.",2023-09-18,2023-09-19,1,down,flat,0.30606702148911025,0.41584076941011383,0.27809220910077587,0.30606702148911025,-0.10977374792100358,False,False
"Amazon.com, Inc.",2023-09-19,2023-09-20,1,flat,down,0.3807814507761692,0.37861301106225836,0.24060553816157226,0.3807814507761692,0.0021684397139108413,True,False
"Amazon.com, Inc.",2023-09-20,2023-09-21,1,down,flat,0.24585513399302308,0.3828184156536989,0.371326450353278,0.371326450353278,-0.011491965300420903,False,False
"Amazon.com, Inc.",2023-09-21,2023-09-22,1,flat,down,0.49012995764027056,0.3004769411280601,0.20939310123166918,0.49012995764027056,0.18965301651221045,True,False
"Amazon.com, Inc.",2023-09-22,2023-09-25,1,flat,up,0.2859388270206263,0.31469577949419913,0.3993653934851745,0.3993653934851745,0.08466961399097539,True,False
"Amazon.com, Inc.",2023-09-25,2023-09-26,1,down,up,0.22900704275821193,0.3108698258865277,0.4601231313552604,0.4601231313552604,0.14925330546873272,True,False
"Amazon.com, Inc.",2023-09-26,2023-09-27,1,down,down,0.40973794796190455,0.3581881280999389,0.23207392393815643,0.40973794796190455,0.05154981986196566,True,True
"Amazon.com, Inc.",2023-09-27,2023-09-28,1,flat,up,0.3207883411508986,0.3215357976545927,0.3576758611945087,0.3576758611945087,0.036140063539916,True,False
"Amazon.com, Inc.",2023-09-28,2023-09-29,1,up,up,0.24018138284260734,0.3400797873204673,0.41973882983692534,0.41973882983692534,0.07965904251645806,True,True
"Amazon.com, Inc.",2023-09-29,2023-10-02,1,flat,up,0.1469182032566566,0.3646081101351153,0.48847368660822793,0.48847368660822793,0.12386557647311264,True,False
"Amazon.com, Inc.",2023-10-02,2023-10-03,1,down,flat,0.2112914759006416,0.42379160643389824,0.36491691766546014,0.36491691766546014,-0.0588746887684381,False,False
"Amazon.com, Inc.",2023-10-03,2023-10-04,1,flat,flat,0.3617478260744328,0.4367475240692762,0.20150464985629088,0.3617478260744328,-0.0749996979948434,False,True
"Amazon.com, Inc.",2023-10-04,2023-10-05,1,flat,flat,0.24062013800927734,0.43772887060104154,0.321650991389681,0.321650991389681,-0.11607787921136054,False,True
"Amazon.com, Inc.",2023-10-05,2023-10-06,1,flat,flat,0.25871211486493567,0.44850019329160806,0.29278769184345615,0.29278769184345615,-0.1557125014481519,False,True
"Amazon.com, Inc.",2023-10-06,2023-10-09,1,flat,flat,0.25564290639181514,0.3817436477349758,0.362613445873209,0.362613445873209,-0.019130201861766838,False,True
"Amazon.com, Inc.",2023-10-09,2023-10-10,1,flat,flat,0.19341803261289647,0.5159394713156604,0.2906424960714431,0.2906424960714431,-0.22529697524421732,False,True
"Amazon.com, Inc.",2023-10-10,2023-10-11,1,flat,flat,0.14922319217422625,0.5171428833453016,0.3336339244804723,0.3336339244804723,-0.18350895886482926,False,True
"Amazon.com, Inc.",2023-10-11,2023-10-12,1,flat,flat,0.16842652609380288,0.5813077010272745,0.2502657728789226,0.2502657728789226,-0.33104192814835187,False,True
"Amazon.com, Inc.",2023-10-12,2023-10-13,1,flat,up,0.20674979531310222,0.3937277540903311,0.39952245059656655,0.39952245059656655,0.0057946965062354305,True,False
"Amazon.com, Inc.",2023-10-13,2023-10-16,1,flat,flat,0.32469852557572815,0.4743669859966113,0.20093448842766046,0.32469852557572815,-0.14966846042088316,False,True
"Amazon.com, Inc.",2023-10-16,2023-10-17,1,flat,flat,0.19297804483267655,0.49879109910547564,0.3082308560618475,0.3082308560618475,-0.19056024304362812,False,True
"Amazon.com, Inc.",2023-10-17,2023-10-18,1,flat,flat,0.323874851234769,0.38280526127016756,0.2933198874950633,0.323874851234769,-0.05893041003539856,False,True
"Amazon.com, Inc.",2023-10-18,2023-10-19,1,flat,flat,0.2862299375567225,0.41518928513543973,0.29858077730783766,0.29858077730783766,-0.11660850782760207,False,True
"Amazon.com, Inc.",2023-10-19,2023-10-20,1,down,up,0.26987289328559994,0.31397611677216575,0.4161509899422343,0.4161509899422343,0.10217487317006857,True,False
"Amazon.com, Inc.",2023-10-20,2023-10-23,1,flat,down,0.3935405531574462,0.34827106884469883,0.258188377997855,0.3935405531574462,0.045269484312747355,True,False
"Amazon.com, Inc.",2023-10-23,2023-10-24,1,flat,flat,0.30615621246619684,0.36373686848861386,0.3301069190451894,0.3301069190451894,-0.033629949443424456,False,True
"Amazon.com, Inc.",2023-10-24,2023-10-25,1,down,up,0.11821659931032766,0.367379142434783,0.5144042582548893,0.5144042582548893,0.14702511582010636,True,False
"Amazon.com, Inc.",2023-10-25,2023-10-26,1,down,down,0.541902860980464,0.32582033666226295,0.132276802357273,0.541902860980464,0.21608252431820107,True,True
"Amazon.com, Inc.",2023-10-26,2023-10-27,1,up,down,0.5379407686480504,0.27142563446042484,0.1906335968915247,0.5379407686480504,0.26651513418762557,True,False
"Amazon.com, Inc.",2023-10-27,2023-10-30,1,up,up,0.1822117941591063,0.23028290537833207,0.5875053004625616,0.5875053004625616,0.3572223950842295,True,True
"Amazon.com, Inc.",2023-10-30,2023-10-31,1,flat,flat,0.2313144620900151,0.47700243044343693,0.2916831074665478,0.2916831074665478,-0.18531932297688913,False,True
"Amazon.com, Inc.",2023-10-31,2023-11-01,1,up,flat,0.2588219162339314,0.5473413385729065,0.1938367451931619,0.2588219162339314,-0.28851942233897504,False,False
"Amazon.com, Inc.",2023-11-01,2023-11-02,1,flat,flat,0.21797992370442232,0.44450428857991886,0.3375157877156586,0.3375157877156586,-0.10698850086426026,False,True
"Amazon.com, Inc.",2023-11-02,2023-11-03,1,flat,flat,0.21803981679902207,0.4969347619178134,0.28502542128316444,0.28502542128316444,-0.21190934063464895,False,True
"Amazon.com, Inc.",2023-11-03,2023-11-06,1,flat,flat,0.21166179503145297,0.5774955724693164,0.21084263249923063,0.21166179503145297,-0.3658337774378634,False,True
"Amazon.com, Inc.",2023-11-06,2023-11-07,1,flat,flat,0.19711771940189482,0.5502318955498063,0.25265038504829884,0.25265038504829884,-0.2975815105015075,False,True
"Amazon.com, Inc.",2023-11-07,2023-11-08,1,flat,flat,0.20762112785594883,0.45721210604573004,0.33516676609832097,0.33516676609832097,-0.12204533994740907,False,True
"Amazon.com, Inc.",2023-11-08,2023-11-09,1,flat,flat,0.25459532814625824,0.5694280511594114,0.1759766206943304,0.25459532814625824,-0.3148327230131532,False,True
"Amazon.com, Inc.",2023-11-09,2023-11-10,1,flat,flat,0.29866050924450316,0.5828536112479364,0.11848587950756043,0.29866050924450316,-0.2841931020034333,False,True
"Amazon.com, Inc.",2023-11-10,2023-11-13,1,flat,flat,0.2613292582454711,0.3941557253184649,0.344515016436064,0.344515016436064,-0.04964070888240085,False,True
"Amazon.com, Inc.",2023-11-13,2023-11-14,1,up,flat,0.2132566654478477,0.5778556985972807,0.20888763595487167,0.2132566654478477,-0.364599033149433,False,False
"Amazon.com, Inc.",2023-11-14,2023-11-15,1,flat,up,0.1750769791552077,0.29618590273204715,0.5287371181127453,0.5287371181127453,0.23255121538069812,True,False
"Amazon.com, Inc.",2023-11-15,2023-11-16,1,down,down,0.4332633981916506,0.3698531014225027,0.19688350038584662,0.4332633981916506,0.06341029676914789,True,True
"Amazon.com, Inc.",2023-11-16,2023-11-17,1,up,down,0.4404905972156174,0.3625351497742334,0.19697425301014898,0.4404905972156174,0.077955447441384,True,False
"Amazon.com, Inc.",2023-11-17,2023-11-20,1,flat,up,0.15299788093274222,0.38489890079965294,0.4621032182676049,0.4621032182676049,0.07720431746795198,True,False
"Amazon.com, Inc.",2023-11-20,2023-11-21,1,down,flat,0.15103507692218152,0.5414146583250463,0.30755026475277214,0.30755026475277214,-0.23386439357227418,False,False
"Amazon.com, Inc.",2023-11-21,2023-11-22,1,up,down,0.4765194307581598,0.34857753855235024,0.17490303068948973,0.4765194307581598,0.12794189220580954,True,False
"Amazon.com, Inc.",2023-11-22,2023-11-24,1,flat,flat,0.16166253707179162,0.5083559692772383,0.3299814936509702,0.3299814936509702,-0.17837447562626807,False,True
"Amazon.com, Inc.",2023-11-24,2023-11-27,1,flat,flat,0.18083691423502835,0.5923603312090392,0.22680275455593246,0.22680275455593246,-0.36555757665310673,False,True
"Amazon.com, Inc.",2023-11-27,2023-11-28,1,flat,up,0.20862141744841112,0.27119185251726285,0.5201867300343261,0.5201867300343261,0.24899487751706328,True,False
"Amazon.com, Inc.",2023-11-28,2023-11-29,1,flat,flat,0.370083715809591,0.39269725604788164,0.23721902814252738,0.370083715809591,-0.022613540238290653,False,True
"Amazon.com, Inc.",2023-11-29,2023-11-30,1,down,flat,0.19645778155356378,0.4560401288836924,0.34750208956274375,0.34750208956274375,-0.10853803932094863,False,False
"Amazon.com, Inc.",2023-11-30,2023-12-01,1,flat,down,0.44186765715520315,0.3326760331092199,0.22545630973557684,0.44186765715520315,0.10919162404598326,True,False
"Amazon.com, Inc.",2023-12-01,2023-12-04,1,down,flat,0.16579270676334362,0.45816167883786946,0.37604561439878686,0.37604561439878686,-0.08211606443908259,False,False
"Amazon.com, Inc.",2023-12-04,2023-12-05,1,flat,flat,0.35880312810405424,0.3860655084240091,0.2551313634719366,0.35880312810405424,-0.02726238031995487,False,True
"Amazon.com, Inc.",2023-12-05,2023-12-06,1,flat,up,0.1811675697368822,0.37167340916984704,0.4471590210932709,0.4471590210932709,0.07548561192342385,True,False
"Amazon.com, Inc.",2023-12-06,2023-12-07,1,flat,flat,0.17870785904195258,0.4175485090641071,0.40374363189394025,0.40374363189394025,-0.013804877170166874,False,True
"Amazon.com, Inc.",2023-12-07,2023-12-08,1,flat,up,0.24816186351119823,0.33134691144026657,0.4204912250485352,0.4204912250485352,0.08914431360826863,True,False
"Amazon.com, Inc.",2023-12-08,2023-12-11,1,flat,flat,0.27959298101514696,0.42195080050615114,0.29845621847870185,0.29845621847870185,-0.12349458202744928,False,True
"Amazon.com, Inc.",2023-12-11,2023-12-12,1,flat,flat,0.35612923368990035,0.3796221992858878,0.2642485670242116,0.35612923368990035,-0.02349296559598746,False,True
"Amazon.com, Inc.",2023-12-12,2023-12-13,1,up,flat,0.1536976833349441,0.4263860203752631,0.4199162962897929,0.4199162962897929,-0.0064697240854701965,False,False
"Amazon.com, Inc.",2023-12-13,2023-12-14,1,flat,up,0.14780400432196802,0.336746213708765,0.515449781969267,0.515449781969267,0.17870356826050204,True,False
"Amazon.com, Inc.",2023-12-14,2023-12-15,1,flat,flat,0.30028053130281496,0.3883724811834536,0.3113469875137314,0.3113469875137314,-0.07702549366972217,False,True
"Amazon.com, Inc.",2023-12-15,2023-12-18,1,up,up,0.3084823656532923,0.2244441114487658,0.467073522897942,0.467073522897942,0.2426294114491762,True,True
"Amazon.com, Inc.",2023-12-18,2023-12-19,1,flat,flat,0.19472597264668517,0.4320123206551715,0.3732617066981433,0.3732617066981433,-0.058750613957028186,False,True
"Amazon.com, Inc.",2023-12-19,2023-12-20,1,flat,flat,0.21283959620994417,0.47137903944871834,0.3157813643413374,0.3157813643413374,-0.15559767510738093,False,True
"Amazon.com, Inc.",2023-12-20,2023-12-21,1,flat,flat,0.36164026740804533,0.41517163780007216,0.22318809479188229,0.36164026740804533,-0.05353137039202682,False,True
"Amazon.com, Inc.",2023-12-21,2023-12-22,1,flat,flat,0.2200877250546659,0.5437186414614662,0.2361936334838677,0.2361936334838677,-0.3075250079775985,False,True
"Amazon.com, Inc.",2023-12-22,2023-12-26,1,flat,flat,0.19857782017627096,0.5485380863255398,0.25288409349818924,0.25288409349818924,-0.29565399282735055,False,True
"Amazon.com, Inc.",2023-12-26,2023-12-27,1,flat,flat,0.2402885349616091,0.5057582772264413,0.2539531878119495,0.2539531878119495,-0.2518050894144918,False,True
"Amazon.com, Inc.",2023-12-27,2023-12-28,1,flat,flat,0.2662699170713607,0.41490807989082656,0.31882200303781255,0.31882200303781255,-0.09608607685301401,False,True
"Amazon.com, Inc.",2023-12-28,2023-12-29,1,flat,flat,0.2586752034388964,0.4780125371045965,0.26331225945650694,0.26331225945650694,-0.21470027764808958,False,True
"Amazon.com, Inc.",2023-12-29,2024-01-02,1,down,flat,0.32623202696219483,0.3719617462728997,0.30180622676490537,0.32623202696219483,-0.04572971931070485,False,False
"Amazon.com, Inc.",2024-01-02,2024-01-03,1,flat,flat,0.32913007274190154,0.3854584044105897,0.2854115228475087,0.32913007274190154,-0.05632833166868817,False,True
"Amazon.com, Inc.",2024-01-03,2024-01-04,1,down,flat,0.274271144777581,0.3822002175130497,0.34352863770936914,0.34352863770936914,-0.03867157980368058,False,False
"Amazon.com, Inc.",2024-01-04,2024-01-05,1,flat,down,0.37895367734910484,0.369273242037808,0.2517730806130871,0.37895367734910484,0.009680435311296864,True,False
"Amazon.com, Inc.",2024-01-05,2024-01-08,1,up,up,0.26041391315356455,0.3320015830652831,0.4075845037811523,0.4075845037811523,0.0755829207158692,True,True
"Amazon.com, Inc.",2024-01-08,2024-01-09,1,up,up,0.11632072256357598,0.3439297453009553,0.5397495321354686,0.5397495321354686,0.1958197868345133,True,True
"Amazon.com, Inc.",2024-01-09,2024-01-10,1,up,flat,0.1488943235859619,0.4553801054722395,0.3957255709417986,0.3957255709417986,-0.059654534530440895,False,False
"Amazon.com, Inc.",2024-01-10,2024-01-11,1,up,up,0.15051558454100014,0.42235373067793314,0.42713068478106675,0.42713068478106675,0.004776954103133613,True,True
"Amazon.com, Inc.",2024-01-11,2024-01-12,1,flat,up,0.18863886240526195,0.388165564105965,0.4231955734887732,0.4231955734887732,0.0350300093828082,True,False
"Amazon.com, Inc.",2024-01-12,2024-01-16,1,down,flat,0.28781964734331444,0.47491229954488,0.2372680531118055,0.28781964734331444,-0.18709265220156557,False,False
"Amazon.com, Inc.",2024-01-16,2024-01-17,1,down,flat,0.27915628373434376,0.49424940993771505,0.22659430632794098,0.27915628373434376,-0.2150931262033713,False,False
"Amazon.com, Inc.",2024-01-17,2024-01-18,1,flat,flat,0.3039654836296001,0.4642856011629278,0.23174891520747182,0.3039654836296001,-0.1603201175333277,False,True
"Amazon.com, Inc.",2024-01-18,2024-01-19,1,flat,up,0.15177452501126626,0.41517552569720556,0.4330499492915283,0.4330499492915283,0.01787442359432273,True,False
"Amazon.com, Inc.",2024-01-19,2024-01-22,1,flat,up,0.20418890789834804,0.34980030621794594,0.44601078588370613,0.44601078588370613,0.09621047966576018,True,False
"Amazon.com, Inc.",2024-01-22,2024-01-23,1,flat,flat,0.23445743828020232,0.44406490444906277,0.32147765727073485,0.32147765727073485,-0.12258724717832792,False,True
"Amazon.com, Inc.",2024-01-23,2024-01-24,1,up,flat,0.3409927279660389,0.444033375678374,0.21497389635558695,0.3409927279660389,-0.10304064771233507,False,False
"Amazon.com, Inc.",2024-01-24,2024-01-25,1,flat,up,0.17588994280357206,0.35112629620110414,0.47298376099532363,0.47298376099532363,0.1218574647942195,True,False
"Amazon.com, Inc.",2024-01-25,2024-01-26,1,up,flat,0.2983302325639544,0.46172239423326333,0.23994737320278203,0.2983302325639544,-0.16339216166930892,False,False
"Amazon.com, Inc.",2024-01-26,2024-01-29,1,flat,up,0.1770902403567488,0.3800251703829248,0.44288458926032637,0.44288458926032637,0.06285941887740154,True,False
"Amazon.com, Inc.",2024-01-29,2024-01-30,1,flat,flat,0.22667590812691973,0.4800103405834687,0.2933137512896115,0.2933137512896115,-0.18669658929385718,False,True
"Amazon.com, Inc.",2024-01-30,2024-01-31,1,down,flat,0.3313983285262867,0.46160749762361136,0.20699417385010166,0.3313983285262867,-0.13020916909732466,False,False
"Amazon.com, Inc.",2024-01-31,2024-02-01,1,flat,flat,0.4106244581782437,0.43889894167722565,0.15047660014453057,0.4106244581782437,-0.028274483498981928,False,True
"Amazon.com, Inc.",2024-02-01,2024-02-02,1,up,up,0.2634985705052817,0.29176201294130605,0.4447394165534121,0.4447394165534121,0.15297740361210604,True,True
"Amazon.com, Inc.",2024-02-02,2024-02-05,1,flat,up,0.12795025204738544,0.32484580620606274,0.5472039417465514,0.5472039417465514,0.22235813554048867,True,False
"Amazon.com, Inc.",2024-02-05,2024-02-06,1,flat,flat,0.4307453649067422,0.48007319622784267,0.08918143886541502,0.4307453649067422,-0.04932783132110047,False,True
"Amazon.com, Inc.",2024-02-06,2024-02-07,1,flat,flat,0.4236196371955373,0.4781373838280084,0.09824297897645423,0.4236196371955373,-0.05451774663247111,False,True
"Amazon.com, Inc.",2024-02-07,2024-02-08,1,flat,flat,0.28160650484993466,0.48248091707581453,0.23591257807425078,0.28160650484993466,-0.20087441222587987,False,True
"Amazon.com, Inc.",2024-02-08,2024-02-09,1,up,flat,0.3001605050016096,0.5009660904763615,0.19887340452202873,0.3001605050016096,-0.2008055854747519,False,False
"Amazon.com, Inc.",2024-02-09,2024-02-12,1,flat,flat,0.2596192619148616,0.3827869155693654,0.357593822515773,0.357593822515773,-0.025193093053592408,False,True
"Amazon.com, Inc.",2024-02-12,2024-02-13,1,down,flat,0.36329108747177774,0.44021602946346006,0.19649288306476204,0.36329108747177774,-0.07692494199168232,False,False
"Amazon.com, Inc.",2024-02-13,2024-02-14,1,flat,down,0.5092659187988519,0.3875226867870745,0.10321139441407357,0.5092659187988519,0.12174323201177734,True,False
"Amazon.com, Inc.",2024-02-14,2024-02-15,1,flat,flat,0.22460188550595767,0.5419066490017587,0.2334914654922836,0.2334914654922836,-0.30841518350947505,False,True
"Amazon.com, Inc.",2024-02-15,2024-02-16,1,flat,flat,0.2972195434336882,0.44383853561111797,0.25894192095519375,0.2972195434336882,-0.14661899217742974,False,True
"Amazon.com, Inc.",2024-02-16,2024-02-20,1,flat,flat,0.3457599983347788,0.46298070452548234,0.19125929713973883,0.3457599983347788,-0.11722070619070357,False,True
"Amazon.com, Inc.",2024-02-20,2024-02-21,1,flat,flat,0.2984163762706275,0.5479912821556873,0.1535923415736853,0.2984163762706275,-0.24957490588505976,False,True
"Amazon.com, Inc.",2024-02-21,2024-02-22,1,up,flat,0.2341792760819697,0.4864736576672555,0.27934706625077466,0.27934706625077466,-0.20712659141648082,False,False
"Amazon.com, Inc.",2024-02-22,2024-02-23,1,flat,flat,0.17976110184845198,0.42277477006251507,0.39746412808903286,0.39746412808903286,-0.025310641973482206,False,True
"Amazon.com, Inc.",2024-02-23,2024-02-26,1,flat,flat,0.33566369979363553,0.43514248621164864,0.22919381399471553,0.33566369979363553,-0.09947878641801311,False,True
"Amazon.com, Inc.",2024-02-26,2024-02-27,1,flat,flat,0.2915556630820309,0.5528593812153002,0.15558495570266875,0.2915556630820309,-0.2613037181332693,False,True
"Amazon.com, Inc.",2024-02-27,2024-02-28,1,flat,flat,0.2777012975222802,0.570475158226498,0.15182354425122166,0.2777012975222802,-0.2927738607042178,False,True
"Amazon.com, Inc.",2024-02-28,2024-02-29,1,flat,flat,0.23239562842068495,0.5783744531079544,0.18922991847136061,0.23239562842068495,-0.3459788246872695,False,True
"Amazon.com, Inc.",2024-02-29,2024-03-01,1,up,flat,0.22516961711422423,0.3912455736554883,0.3835848092302873,0.3835848092302873,-0.007660764425200972,False,False
"Amazon.com, Inc.",2024-03-01,2024-03-04,1,flat,flat,0.175961952780966,0.6295653312892373,0.19447271592979648,0.19447271592979648,-0.4350926153594408,False,True
"Amazon.com, Inc.",2024-03-04,2024-03-05,1,down,flat,0.276276112733102,0.5091013744839412,0.2146225127829567,0.276276112733102,-0.23282526175083923,False,False
"Amazon.com, Inc.",2024-03-05,2024-03-06,1,flat,down,0.4438171840032211,0.40117977646934116,0.15500303952743766,0.4438171840032211,0.042637407533879956,True,False
"Amazon.com, Inc.",2024-03-06,2024-03-07,1,flat,flat,0.2492468291520904,0.5106862590751964,0.24006691177271305,0.2492468291520904,-0.261439429923106,False,True
"Amazon.com, Inc.",2024-03-07,2024-03-08,1,flat,flat,0.19129035711297235,0.5196331309918829,0.2890765118951447,0.2890765118951447,-0.2305566190967382,False,True
"Amazon.com, Inc.",2024-03-08,2024-03-11,1,down,flat,0.2669903790867788,0.4984460470750258,0.23456357383819543,0.2669903790867788,-0.23145566798824702,False,False
"Amazon.com, Inc.",2024-03-11,2024-03-12,1,flat,flat,0.3707733482817315,0.4606290750820484,0.16859757663621988,0.3707733482817315,-0.08985572680031695,False,True
"Amazon.com, Inc.",2024-03-12,2024-03-13,1,flat,flat,0.21971328468128798,0.45957048748396523,0.32071622783474674,0.32071622783474674,-0.1388542596492185,False,True
"Amazon.com, Inc.",2024-03-13,2024-03-14,1,flat,flat,0.14943069498413403,0.5505598379119405,0.30000946710392556,0.30000946710392556,-0.25055037080801495,False,True
"Amazon.com, Inc.",2024-03-14,2024-03-15,1,down,up,0.22095985178019678,0.35759854812794895,0.4214416000918543,0.4214416000918543,0.06384305196390533,True,False
"Amazon.com, Inc.",2024-03-15,2024-03-18,1,flat,down,0.5208097863452142,0.27161541328659217,0.2075748003681936,0.5208097863452142,0.24919437305862208,True,False
"Amazon.com, Inc.",2024-03-18,2024-03-19,1,flat,flat,0.2477501309955941,0.5625080341900283,0.18974183481437748,0.2477501309955941,-0.3147579031944342,False,True
"Amazon.com, Inc.",2024-03-19,2024-03-20,1,flat,flat,0.23262230498676872,0.5180374989190227,0.2493401960942082,0.2493401960942082,-0.2686973028248145,False,True
"Amazon.com, Inc.",2024-03-20,2024-03-21,1,up,flat,0.17049757681786284,0.5285839083824326,0.30091851479970444,0.30091851479970444,-0.2276653935827282,False,False
"Amazon.com, Inc.",2024-03-21,2024-03-22,1,flat,flat,0.1836736447352902,0.49253113328964176,0.32379522197506805,0.32379522197506805,-0.16873591131457372,False,True
"Amazon.com, Inc.",2024-03-22,2024-03-25,1,flat,flat,0.36323051027273673,0.456237104722382,0.18053238500488114,0.36323051027273673,-0.09300659444964526,False,True
"Amazon.com, Inc.",2024-03-25,2024-03-26,1,flat,flat,0.22695965024873238,0.5029156335576316,0.27012471619363587,0.27012471619363587,-0.2327909173639957,False,True
"Amazon.com, Inc.",2024-03-26,2024-03-27,1,flat,flat,0.23251007490133851,0.5068114178670565,0.260678507231605,0.260678507231605,-0.2461329106354515,False,True
"Amazon.com, Inc.",2024-03-27,2024-03-28,1,flat,flat,0.2787346114450112,0.4512303453379988,0.2700350432169898,0.2787346114450112,-0.17249573389298756,False,True
"Amazon.com, Inc.",2024-03-28,2024-04-01,1,flat,flat,0.25819018777449976,0.441858562259032,0.29995124996646816,0.29995124996646816,-0.14190731229256381,False,True
"Amazon.com, Inc.",2024-04-01,2024-04-02,1,flat,flat,0.21068416538402282,0.5551577593506543,0.234158075265323,0.234158075265323,-0.32099968408533125,False,True
"Amazon.com, Inc.",2024-04-02,2024-04-03,1,flat,down,0.3890683502374379,0.37027558832719976,0.24065606143536228,0.3890683502374379,0.018792761910238154,True,False
"Amazon.com, Inc.",2024-04-03,2024-04-04,1,flat,flat,0.21310148869931445,0.4945021683565888,0.29239634294409667,0.29239634294409667,-0.2021058254124921,False,True
"Amazon.com, Inc.",2024-04-04,2024-04-05,1,flat,flat,0.26341676464281905,0.3743428486452904,0.3622403867118904,0.3622403867118904,-0.012102461933399977,False,True
"Amazon.com, Inc.",2024-04-05,2024-04-08,1,up,flat,0.2554238370129539,0.4642047572494329,0.28037140573761327,0.28037140573761327,-0.18383335151181962,False,False
"Amazon.com, Inc.",2024-04-08,2024-04-09,1,flat,flat,0.24341941291963717,0.4924881179779712,0.2640924691023916,0.2640924691023916,-0.22839564887557962,False,True
"Amazon.com, Inc.",2024-04-09,2024-04-10,1,down,flat,0.29778587551720104,0.47976752810068035,0.22244659638211825,0.29778587551720104,-0.18198165258347931,False,False
"Amazon.com, Inc.",2024-04-10,2024-04-11,1,up,flat,0.384086888919269,0.3979627815916145,0.2179503294891163,0.384086888919269,-0.013875892672345513,False,False
"Amazon.com, Inc.",2024-04-11,2024-04-12,1,flat,flat,0.2035102932292951,0.4299370884899614,0.3665526182807435,0.3665526182807435,-0.06338447020921795,False,True
"Amazon.com, Inc.",2024-04-12,2024-04-15,1,flat,flat,0.36944983023244826,0.41923887492069695,0.2113112948468546,0.36944983023244826,-0.049789044688248685,False,True
"Amazon.com, Inc.",2024-04-15,2024-04-16,1,down,down,0.4898653091750494,0.2928111017819246,0.21732358904302593,0.4898653091750494,0.1970542073931248,True,True
"Amazon.com, Inc.",2024-04-16,2024-04-17,1,flat,flat,0.39493655327056043,0.4107802841249283,0.1942831626045111,0.39493655327056043,-0.015843730854367855,False,True
"Amazon.com, Inc.",2024-04-17,2024-04-18,1,down,flat,0.32392827456733264,0.4229642911059123,0.25310743432675475,0.32392827456733264,-0.09903601653857969,False,False
"Amazon.com, Inc.",2024-04-18,2024-04-19,1,down,flat,0.363830399135759,0.4128984005592401,0.22327120030500058,0.363830399135759,-0.04906800142348111,False,False
"Amazon.com, Inc.",2024-04-19,2024-04-22,1,flat,down,0.48671776583764126,0.27985644964212275,0.23342578452023593,0.48671776583764126,0.2068613161955185,True,False
"Amazon.com, Inc.",2024-04-22,2024-04-23,1,flat,flat,0.24192947571685836,0.47683760991424656,0.28123291436889497,0.28123291436889497,-0.1956046955453516,False,True
"Amazon.com, Inc.",2024-04-23,2024-04-24,1,flat,flat,0.233825158333,0.4461015531743168,0.3200732884926831,0.3200732884926831,-0.12602826468163375,False,True
"Amazon.com, Inc.",2024-04-24,2024-04-25,1,down,flat,0.28680612691502333,0.43404517755764427,0.27914869552733224,0.28680612691502333,-0.14723905064262094,False,False
"Amazon.com, Inc.",2024-04-25,2024-04-26,1,up,down,0.5226872976904201,0.3260149375869609,0.1512977647226187,0.5226872976904201,0.19667236010345923,True,False
"Amazon.com, Inc.",2024-04-26,2024-04-29,1,up,flat,0.1374672912614187,0.43471402856730346,0.42781868017127755,0.42781868017127755,-0.006895348396025902,False,False
"Amazon.com, Inc.",2024-04-29,2024-04-30,1,down,flat,0.21844301577715383,0.4025752394131463,0.3789817448096996,0.3789817448096996,-0.02359349460344673,False,False
"Amazon.com, Inc.",2024-04-30,2024-05-01,1,flat,down,0.5872585207153953,0.2624686299683143,0.1502728493162902,0.5872585207153953,0.324789890747081,True,False
"Amazon.com, Inc.",2024-05-01,2024-05-02,1,flat,down,0.37340650947803466,0.3507633365060299,0.27583015401593514,0.37340650947803466,0.022643172972004744,True,False
"Amazon.com, Inc.",2024-05-02,2024-05-03,1,up,flat,0.2267289712349877,0.5697265673439529,0.2035444614210594,0.2267289712349877,-0.3429975961089652,False,False
"Amazon.com, Inc.",2024-05-03,2024-05-06,1,flat,flat,0.17926451291215123,0.6283990324181992,0.19233645466964944,0.19233645466964944,-0.43606257774854973,False,True
"Amazon.com, Inc.",2024-05-06,2024-05-07,1,flat,flat,0.25470251498591,0.587642593149496,0.15765489186459408,0.25470251498591,-0.33294007816358595,False,True
"Amazon.com, Inc.",2024-05-07,2024-05-08,1,flat,flat,0.2522107781401808,0.5807248893301777,0.16706433252964148,0.2522107781401808,-0.32851411118999696,False,True
"Amazon.com, Inc.",2024-05-08,2024-05-09,1,flat,flat,0.31275280953790097,0.5529260023628905,0.13432118809920846,0.31275280953790097,-0.2401731928249895,False,True
"Amazon.com, Inc.",2024-05-09,2024-05-10,1,flat,flat,0.22163660946554775,0.47105455481498315,0.3073088357194689,0.3073088357194689,-0.16374571909551427,False,True
"Amazon.com, Inc.",2024-05-10,2024-05-13,1,flat,flat,0.3409381545748267,0.5104900403624268,0.1485718050627464,0.3409381545748267,-0.16955188578760017,False,True
"Amazon.com, Inc.",2024-05-13,2024-05-14,1,flat,flat,0.31363518260825074,0.5302518517977519,0.15611296559399712,0.31363518260825074,-0.21661666918950118,False,True
"Amazon.com, Inc.",2024-05-14,2024-05-15,1,flat,flat,0.37923258929873815,0.42540967148236536,0.19535773921889638,0.37923258929873815,-0.046177082183627205,False,True
"Amazon.com, Inc.",2024-05-15,2024-05-16,1,flat,down,0.4389109055172885,0.2823820388563336,0.27870705562637776,0.4389109055172885,0.1565288666609549,True,False
"Amazon.com, Inc.",2024-05-16,2024-05-17,1,flat,flat,0.28610034988732086,0.5488309512924404,0.1650686988202387,0.28610034988732086,-0.26273060140511956,False,True
"Amazon.com, Inc.",2024-05-17,2024-05-20,1,flat,flat,0.2695262281184998,0.513848425207113,0.21662534667438707,0.2695262281184998,-0.24432219708861325,False,True
"Amazon.com, Inc.",2024-05-20,2024-05-21,1,down,flat,0.22868972951542704,0.5299447790913947,0.24136549139317828,0.24136549139317828,-0.2885792876982164,False,False
"Amazon.com, Inc.",2024-05-21,2024-05-22,1,flat,down,0.3933868618248939,0.361458989630963,0.24515414854414289,0.3933868618248939,0.031927872193930895,True,False
"Amazon.com, Inc.",2024-05-22,2024-05-23,1,flat,flat,0.16053960847218834,0.6129050661078955,0.2265553254199162,0.2265553254199162,-0.38634974068797934,False,True
"Amazon.com, Inc.",2024-05-23,2024-05-24,1,flat,flat,0.3002791106947523,0.44578385360949496,0.25393703569575254,0.3002791106947523,-0.14550474291474264,False,True
"Amazon.com, Inc.",2024-05-24,2024-05-28,1,flat,flat,0.2857594495862471,0.46305970218114967,0.25118084823260295,0.2857594495862471,-0.17730025259490256,False,True
"Amazon.com, Inc.",2024-05-28,2024-05-29,1,flat,up,0.3506747420393852,0.29032711406944994,0.3589981438911648,0.3589981438911648,0.06867102982171486,True,False
"Amazon.com, Inc.",2024-05-29,2024-05-30,1,down,flat,0.29412933485226767,0.3611973586304219,0.3446733065173103,0.3446733065173103,-0.016524052113111587,False,False
"Amazon.com, Inc.",2024-05-30,2024-05-31,1,down,down,0.43349336099278246,0.3560682163560646,0.21043842265115284,0.43349336099278246,0.07742514463671785,True,True
"Amazon.com, Inc.",2024-05-31,2024-06-03,1,flat,down,0.4984478453870916,0.2172433357242054,0.28430881888870296,0.4984478453870916,0.2812045096628862,True,False
"Amazon.com, Inc.",2024-06-03,2024-06-04,1,flat,flat,0.27719130174934103,0.41895143822768055,0.3038572600229783,0.3038572600229783,-0.11509417820470225,False,True
"Amazon.com, Inc.",2024-06-04,2024-06-05,1,up,flat,0.2557917083868301,0.4269660111172802,0.31724228049588954,0.31724228049588954,-0.10972373062139068,False,False
"Amazon.com, Inc.",2024-06-05,2024-06-06,1,up,up,0.2355618602291177,0.36534119242244123,0.3990969473484411,0.3990969473484411,0.03375575492599986,True,True
"Amazon.com, Inc.",2024-06-06,2024-06-07,1,flat,flat,0.21092727386515098,0.43305221493510715,0.35602051119974176,0.35602051119974176,-0.07703170373536539,False,True
"Amazon.com, Inc.",2024-06-07,2024-06-10,1,flat,flat,0.23762968799860784,0.5104921510307391,0.2518781609706532,0.2518781609706532,-0.2586139900600859,False,True
"Amazon.com, Inc.",2024-06-10,2024-06-11,1,flat,flat,0.1952207070129332,0.589779037935785,0.21500025505128184,0.21500025505128184,-0.37477878288450317,False,True
"Amazon.com, Inc.",2024-06-11,2024-06-12,1,flat,flat,0.16890018529227563,0.5900943449011063,0.24100546980661808,0.24100546980661808,-0.34908887509448827,False,True
"Amazon.com, Inc.",2024-06-12,2024-06-13,1,down,flat,0.2084772815276938,0.5048892721080246,0.2866334463642814,0.2866334463642814,-0.2182558257437432,False,False
"Amazon.com, Inc.",2024-06-13,2024-06-14,1,down,flat,0.38307780233703415,0.4046656168184826,0.21225658084448318,0.38307780233703415,-0.021587814481448475,False,False
"Amazon.com, Inc.",2024-06-14,2024-06-15,1,flat,flat,0.3182191792574378,0.4735774637222656,0.20820335702029635,0.3182191792574378,-0.1553582844648278,False,True
Apple Inc.,2021-07-27,2021-07-28,1,down,down,0.4067844316011002,0.30508175193857345,0.2881338164603262,0.4067844316011002,0.10170267966252677,True,True
Apple Inc.,2021-07-28,2021-07-29,1,flat,down,0.36565202988772877,0.33830168974285935,0.29604628036941194,0.36565202988772877,0.027350340144869423,True,False
Apple Inc.,2021-07-29,2021-07-30,1,flat,flat,0.17419991099165955,0.6065318579773322,0.21926823103100818,0.21926823103100818,-0.38726362694632405,False,True
Apple Inc.,2021-07-30,2021-08-02,1,flat,flat,0.26685134385012166,0.4752144496038133,0.2579342065460649,0.26685134385012166,-0.20836310575369166,False,True
Apple Inc.,2021-08-02,2021-08-03,1,flat,flat,0.21446803016708166,0.5971813525720725,0.18835061726084595,0.21446803016708166,-0.38271332240499084,False,True
Apple Inc.,2021-08-03,2021-08-04,1,flat,flat,0.20342878535032038,0.5878294894996465,0.20874172515003314,0.20874172515003314,-0.3790877643496134,False,True
Apple Inc.,2021-08-04,2021-08-05,1,flat,flat,0.20666251366228383,0.5763172284950332,0.21702025784268308,0.21702025784268308,-0.3592969706523501,False,True
Apple Inc.,2021-08-05,2021-08-06,1,flat,flat,0.22562061614867546,0.528217464315302,0.2461619195360224,0.2461619195360224,-0.28205554477927963,False,True
Apple Inc.,2021-08-06,2021-08-09,1,flat,flat,0.25550467278864364,0.48214440666587344,0.26235092054548287,0.26235092054548287,-0.21979348612039057,False,True
Apple Inc.,2021-08-09,2021-08-10,1,flat,flat,0.20347173166884572,0.5280840075068879,0.2684442608242663,0.2684442608242663,-0.2596397466826216,False,True
Apple Inc.,2021-08-10,2021-08-11,1,flat,flat,0.21518404741620886,0.44950280732131276,0.33531314526247835,0.33531314526247835,-0.1141896620588344,False,True
Apple Inc.,2021-08-11,2021-08-12,1,up,flat,0.20878721296434588,0.5168298764542855,0.27438291058136843,0.27438291058136843,-0.24244696587291703,False,False
Apple Inc.,2021-08-12,2021-08-13,1,up,flat,0.2034221847523152,0.44034892246997726,0.35622889277770736,0.35622889277770736,-0.0841200296922699,False,False
Apple Inc.,2021-08-13,2021-08-16,1,flat,flat,0.15415250576408818,0.5984665759736418,0.24738091826226993,0.24738091826226993,-0.3510856577113719,False,True
Apple Inc.,2021-08-16,2021-08-17,1,flat,up,0.28586222493161234,0.3463734934930526,0.36776428157533486,0.36776428157533486,0.021390788082282286,True,False
Apple Inc.,2021-08-17,2021-08-18,1,down,flat,0.20523702426699134,0.4369433639638403,0.3578196117691682,0.3578196117691682,-0.0791237521946721,False,False
Apple Inc.,2021-08-18,2021-08-19,1,down,down,0.33999916852740686,0.3388538323948467,0.3211469990777464,0.33999916852740686,0.0011453361325601819,True,True
Apple Inc.,2021-08-19,2021-08-20,1,up,flat,0.32125111439679666,0.35059760027047193,0.3281512853327314,0.3281512853327314,-0.02244631493774052,False,False
Apple Inc.,2021-08-20,2021-08-23,1,flat,flat,0.17985118644786657,0.5343360091981143,0.28581280435401896,0.28581280435401896,-0.24852320484409535,False,True
Apple Inc.,2021-08-23,2021-08-24,1,flat,flat,0.18558009876159023,0.5876539269788393,0.22676597425957065,0.22676597425957065,-0.36088795271926866,False,True
Apple Inc.,2021-08-24,2021-08-25,1,flat,flat,0.2113530416294902,0.5951510847581063,0.1934958736124035,0.2113530416294902,-0.3837980431286161,False,True
Apple Inc.,2021-08-25,2021-08-26,1,flat,flat,0.30985639674828436,0.4303678341718064,0.2597757690799093,0.30985639674828436,-0.12051143742352205,False,True
Apple Inc.,2021-08-26,2021-08-27,1,flat,flat,0.2772857485293974,0.4613544626031961,0.2613597888674066,0.2772857485293974,-0.1840687140737987,False,True
Apple Inc.,2021-08-27,2021-08-30,1,up,flat,0.2519463785312446,0.45531727224881474,0.29273634921994074,0.29273634921994074,-0.162580923028874,False,False
Apple Inc.,2021-08-30,2021-08-31,1,flat,flat,0.18715712918937116,0.4124335828164649,0.40040928799416386,0.40040928799416386,-0.012024294822301052,False,True
Apple Inc.,2021-08-31,2021-09-01,1,flat,flat,0.25902872616411743,0.49256495654300736,0.2484063172928751,0.25902872616411743,-0.23353623037888993,False,True
Apple Inc.,2021-09-01,2021-09-02,1,flat,flat,0.26757309431747633,0.46965496729003087,0.2627719383924927,0.26757309431747633,-0.20208187297255453,False,True
Apple Inc.,2021-09-02,2021-09-03,1,flat,flat,0.23466981810101445,0.515289169423014,0.2500410124759716,0.2500410124759716,-0.26524815694704235,False,True
Apple Inc.,2021-09-03,2021-09-07,1,up,flat,0.1978219700984447,0.5354413474207534,0.2667366824808019,0.2667366824808019,-0.26870466493995154,False,False
Apple Inc.,2021-09-07,2021-09-08,1,flat,flat,0.20169979604221544,0.4138159663536824,0.38448423760410194,0.38448423760410194,-0.029331728749580455,False,True
Apple Inc.,2021-09-08,2021-09-09,1,flat,flat,0.27246380711455376,0.4522839649159379,0.2752522279695082,0.2752522279695082,-0.1770317369464297,False,True
Apple Inc.,2021-09-09,2021-09-10,1,down,flat,0.28206080394760236,0.4953329524322002,0.2226062436201976,0.28206080394760236,-0.21327214848459786,False,False
Apple Inc.,2021-09-10,2021-09-13,1,down,down,0.37405982809590954,0.2868505289396468,0.33908964296444344,0.37405982809590954,0.08720929915626274,True,True
Apple Inc.,2021-09-13,2021-09-14,1,flat,flat,0.2664713126913119,0.3962039270841353,0.3373247602245529,0.3373247602245529,-0.058879166859582444,False,True
Apple Inc.,2021-09-14,2021-09-15,1,flat,up,0.274399662600847,0.3586348731291681,0.3669654642699848,0.3669654642699848,0.00833059114081669,True,False
Apple Inc.,2021-09-15,2021-09-16,1,flat,flat,0.3060635559545935,0.4261209125490274,0.26781553149637904,0.3060635559545935,-0.1200573565944339,False,True
Apple Inc.,2021-09-16,2021-09-17,1,flat,flat,0.2934860573081388,0.4512174862912115,0.2552964564006496,0.2934860573081388,-0.15773142898307269,False,True
Apple Inc.,2021-09-17,2021-09-20,1,down,down,0.36081780821058007,0.30687307233367267,0.332309119455747,0.36081780821058007,0.0539447358769074,True,True
Apple Inc.,2021-09-20,2021-09-21,1,flat,down,0.3853031744130522,0.3137067269538385,0.3009900986331091,0.3853031744130522,0.07159644745921367,True,False
Apple Inc.,2021-09-21,2021-09-22,1,flat,flat,0.2262174027192138,0.4724427598292483,0.30133983745153775,0.30133983745153775,-0.17110292237771058,False,True
Apple Inc.,2021-09-22,2021-09-23,1,flat,flat,0.24916069833594295,0.44113848284441437,0.3097008188196427,0.3097008188196427,-0.1314376640247717,False,True
Apple Inc.,2021-09-23,2021-09-24,1,flat,flat,0.24483798288281688,0.5407890093753488,0.21437300774183388,0.24483798288281688,-0.2959510264925319,False,True
Apple Inc.,2021-09-24,2021-09-27,1,flat,flat,0.2818278851132195,0.49000343002462987,0.22816868486215053,0.2818278851132195,-0.20817554491141038,False,True
Apple Inc.,2021-09-27,2021-09-28,1,down,down,0.3787319639299205,0.34654317698849124,0.27472485908158817,0.3787319639299205,0.03218878694142924,True,True
Apple Inc.,2021-09-28,2021-09-29,1,flat,up,0.33644264937250207,0.31294018561504766,0.35061716501245005,0.35061716501245005,0.03767697939740239,True,False
Apple Inc.,2021-09-29,2021-09-30,1,flat,flat,0.24170481870110108,0.4365660294497327,0.32172915184916606,0.32172915184916606,-0.11483687760056666,False,True
Apple Inc.,2021-09-30,2021-10-01,1,flat,flat,0.32132767499408166,0.3765167509763473,0.302155574029571,0.32132767499408166,-0.055189075982265634,False,True
Apple Inc.,2021-10-01,2021-10-04,1,flat,down,0.36836484427843164,0.3530615023339865,0.27857365338758167,0.36836484427843164,0.015303341944445159,True,False
Apple Inc.,2021-10-04,2021-10-05,1,flat,down,0.3555258226652389,0.3431019354765678,0.30137224185819317,0.3555258226652389,0.012423887188671101,True,False
Apple Inc.,2021-10-05,2021-10-06,1,flat,flat,0.2767888698560992,0.42139988647694215,0.30181124366695844,0.30181124366695844,-0.11958864280998371,False,True
Apple Inc.,2021-10-06,2021-10-07,1,up,flat,0.3194444040029688,0.40430470321962253,0.27625089277740855,0.3194444040029688,-0.08486029921665372,False,False
Apple Inc.,2021-10-07,2021-10-08,1,flat,flat,0.1955992606389425,0.5591593196448383,0.2452414197162192,0.2452414197162192,-0.3139178999286191,False,True
Apple Inc.,2021-10-08,2021-10-11,1,flat,flat,0.3053874266239931,0.4805540417170595,0.2140585316589475,0.3053874266239931,-0.1751666150930664,False,True
Apple Inc.,2021-10-11,2021-10-12,1,flat,flat,0.34092338921619236,0.4330490197931026,0.2260275909907051,0.34092338921619236,-0.09212563057691026,False,True
Apple Inc.,2021-10-12,2021-10-13,1,down,flat,0.3464070670060165,0.4007616372893177,0.2528312957046661,0.3464070670060165,-0.05435457028330121,False,False
Apple Inc.,2021-10-13,2021-10-14,1,up,down,0.3888970389228666,0.3637144367837991,0.2473885242933344,0.3888970389228666,0.025182602139067478,True,False
Apple Inc.,2021-10-14,2021-10-15,1,flat,flat,0.23144761646880105,0.5397037222382114,0.2288486612929875,0.23144761646880105,-0.3082561057694103,False,True
Apple Inc.,2021-10-15,2021-10-18,1,flat,flat,0.24250525032310627,0.5695299803721756,0.18796476930471803,0.24250525032310627,-0.32702473004906935,False,True
Apple Inc.,2021-10-18,2021-10-19,1,up,flat,0.3337116417607427,0.4286952482423778,0.23759310999687944,0.3337116417607427,-0.09498360648163512,False,False
Apple Inc.,2021-10-19,2021-10-20,1,flat,flat,0.1986194883259837,0.5264546058462348,0.27492590582778165,0.27492590582778165,-0.2515287000184532,False,True
Apple Inc.,2021-10-20,2021-10-21,1,flat,flat,0.2023857342344722,0.5786280526166585,0.21898621314886932,0.21898621314886932,-0.35964183946778916,False,True
Apple Inc.,2021-10-21,2021-10-22,1,flat,flat,0.24795127300142494,0.511801898135438,0.24024682886313728,0.24795127300142494,-0.26385062513401303,False,True
Apple Inc.,2021-10-22,2021-10-25,1,flat,flat,0.1999840530940137,0.5524732110933005,0.2475427358126857,0.2475427358126857,-0.3049304752806148,False,True
Apple Inc.,2021-10-25,2021-10-26,1,flat,flat,0.27114421040993375,0.5059365173948471,0.22291927219521912,0.27114421040993375,-0.23479230698491338,False,True
Apple Inc.,2021-10-26,2021-10-27,1,flat,flat,0.1957271036545724,0.5389358838536729,0.26533701249175473,0.26533701249175473,-0.27359887136191813,False,True
Apple Inc.,2021-10-27,2021-10-28,1,up,flat,0.23880220098261318,0.522065434576465,0.23913236444092162,0.23913236444092162,-0.2829330701355434,False,False
Apple Inc.,2021-10-28,2021-10-29,1,down,up,0.20720374269129355,0.3936567614649369,0.3991394958437694,0.3991394958437694,0.00548273437883251,True,False
Apple Inc.,2021-10-29,2021-11-01,1,flat,down,0.40371549753464064,0.30696841327910673,0.28931608918625246,0.40371549753464064,0.09674708425553391,True,False
Apple Inc.,2021-11-01,2021-11-02,1,flat,flat,0.20321947137597374,0.5136621659932141,0.2831183626308117,0.2831183626308117,-0.23054380336240243,False,True
Apple Inc.,2021-11-02,2021-11-03,1,flat,flat,0.21314030851505048,0.512099037003781,0.2747606544811685,0.2747606544811685,-0.23733838252261252,False,True
Apple Inc.,2021-11-03,2021-11-04,1,flat,flat,0.18637464789597458,0.5993479437620007,0.21427740834202477,0.21427740834202477,-0.38507053541997593,False,True
Apple Inc.,2021-11-04,2021-11-05,1,flat,flat,0.2317947861092062,0.5545770178272976,0.21362819606349617,0.2317947861092062,-0.3227822317180914,False,True
Apple Inc.,2021-11-05,2021-11-08,1,flat,flat,0.2352380829919604,0.4904853995286002,0.27427651747943943,0.27427651747943943,-0.21620888204916078,False,True
Apple Inc.,2021-11-08,2021-11-09,1,flat,flat,0.24552480513973385,0.48500525341785605,0.2694699414424101,0.2694699414424101,-0.21553531197544595,False,True
Apple Inc.,2021-11-09,2021-11-10,1,down,flat,0.22392205296633516,0.49333863371055375,0.28273931332311114,0.28273931332311114,-0.2105993203874426,False,False
Apple Inc.,2021-11-10,2021-11-11,1,flat,flat,0.35522778125677895,0.39219565738924356,0.25257656135397744,0.35522778125677895,-0.036967876132464605,False,True
Apple Inc.,2021-11-11,2021-11-12,1,flat,flat,0.25267391283730045,0.4898125687977113,0.25751351836498815,0.25751351836498815,-0.23229905043272314,False,True
Apple Inc.,2021-11-12,2021-11-15,1,flat,flat,0.28066585567099434,0.4127082349221727,0.3066259094068329,0.3066259094068329,-0.1060823255153398,False,True
Apple Inc.,2021-11-15,2021-11-16,1,flat,flat,0.1895149446842167,0.5748514000898213,0.23563365522596208,0.23563365522596208,-0.3392177448638592,False,True
Apple Inc.,2021-11-16,2021-11-17,1,up,flat,0.2660863218684166,0.47996496329831045,0.2539487148332729,0.2660863218684166,-0.21387864142989388,False,False
Apple Inc.,2021-11-17,2021-11-18,1,up,flat,0.2063604627485862,0.42168685956015917,0.3719526776912546,0.3719526776912546,-0.04973418186890455,False,False
Apple Inc.,2021-11-18,2021-11-19,1,up,up,0.18354404435291127,0.35297012398483213,0.46348583166225643,0.46348583166225643,0.1105157076774243,True,True
Apple Inc.,2021-11-19,2021-11-22,1,up,flat,0.2544942952881128,0.42635986345919535,0.31914584125269185,0.31914584125269185,-0.1072140222065035,False,False
Apple Inc.,2021-11-22,2021-11-23,1,down,flat,0.27636797665416446,0.40813155262420775,0.31550047072162773,0.31550047072162773,-0.09263108190258001,False,False
Apple Inc.,2021-11-23,2021-11-24,1,flat,down,0.37952500500998265,0.3577910709266029,0.26268392406341423,0.37952500500998265,0.021733934083379758,True,False
Apple Inc.,2021-11-24,2021-11-26,1,down,flat,0.20139621906249575,0.5328613191532104,0.2657424617842936,0.2657424617842936,-0.26711885736891683,False,False
Apple Inc.,2021-11-26,2021-11-29,1,flat,flat,0.3785630156740676,0.3820339249731155,0.23940305935281692,0.3785630156740676,-0.0034709092990479196,False,True
Apple Inc.,2021-11-29,2021-11-30,1,up,flat,0.21169506443735253,0.5058926840640101,0.28241225149863725,0.28241225149863725,-0.22348043256537287,False,False
Apple Inc.,2021-11-30,2021-12-01,1,up,flat,0.2620006263484123,0.3878256170932857,0.35017375655830185,0.35017375655830185,-0.03765186053498387,False,False
Apple Inc.,2021-12-01,2021-12-02,1,down,flat,0.26194568818100195,0.48731740238507165,0.25073690943392646,0.26194568818100195,-0.2253717142040697,False,False
Apple Inc.,2021-12-02,2021-12-03,1,flat,down,0.5171499136616975,0.3260183630454284,0.1568317232928741,0.5171499136616975,0.19113155061626907,True,False
Apple Inc.,2021-12-03,2021-12-06,1,up,flat,0.21284434101725036,0.4818181341417719,0.30533752484097765,0.30533752484097765,-0.17648060930079423,False,False
Apple Inc.,2021-12-06,2021-12-07,1,up,flat,0.20573828757244333,0.5221345545513094,0.2721271578762471,0.2721271578762471,-0.25000739667506233,False,False
Apple Inc.,2021-12-07,2021-12-08,1,up,flat,0.23728504428823127,0.5449915879969783,0.2177233677147905,0.23728504428823127,-0.30770654370874706,False,False
Apple Inc.,2021-12-08,2021-12-09,1,flat,flat,0.285340277299666,0.5374167774500483,0.17724294525028572,0.285340277299666,-0.25207650015038235,False,True
Apple Inc.,2021-12-09,2021-12-10,1,flat,flat,0.32796027677052636,0.5013603771938576,0.1706793460356159,0.32796027677052636,-0.17340010042333126,False,True
Apple Inc.,2021-12-10,2021-12-13,1,flat,flat,0.3159746821297774,0.46610759918730926,0.21791771868291332,0.3159746821297774,-0.15013291705753185,False,True
Apple Inc.,2021-12-13,2021-12-14,1,down,flat,0.34088926597695873,0.4299549973901893,0.2291557366328521,0.34088926597695873,-0.08906573141323054,False,False
Apple Inc.,2021-12-14,2021-12-15,1,flat,down,0.44546610379687723,0.3802311076203647,0.17430278858275802,0.44546610379687723,0.06523499617651252,True,False
Apple Inc.,2021-12-15,2021-12-16,1,flat,flat,0.23048640404936918,0.5675202699274329,0.20199332602319803,0.23048640404936918,-0.3370338658780637,False,True
Apple Inc.,2021-12-16,2021-12-17,1,down,flat,0.3594515899395118,0.45407297464115626,0.18647543541933198,0.3594515899395118,-0.09462138470164444,False,False
Apple Inc.,2021-12-17,2021-12-20,1,flat,down,0.4716101196789271,0.3435189297038024,0.18487095061727044,0.4716101196789271,0.1280911899751247,True,False
Apple Inc.,2021-12-20,2021-12-21,1,flat,flat,0.2747964579622459,0.584624431835048,0.140579110202706,0.2747964579622459,-0.3098279738728021,False,True
Apple Inc.,2021-12-21,2021-12-22,1,flat,flat,0.19119087009543828,0.6283487686138538,0.18046036129070805,0.19119087009543828,-0.4371578985184155,False,True
Apple Inc.,2021-12-22,2021-12-23,1,flat,flat,0.2453827377115143,0.6095004409265595,0.14511682136192622,0.2453827377115143,-0.3641177032150452,False,True
Apple Inc.,2021-12-23,2021-12-27,1,flat,flat,0.19890016869119845,0.6604475910545067,0.1406522402542945,0.19890016869119845,-0.46154742236330826,False,True
Apple Inc.,2021-12-27,2021-12-28,1,flat,flat,0.22178000646617674,0.5892793256434288,0.1889406678903945,0.22178000646617674,-0.36749931917725204,False,True
Apple Inc.,2021-12-28,2021-12-29,1,flat,flat,0.23978482767187154,0.5587460367759787,0.20146913555214976,0.23978482767187154,-0.31896120910410714,False,True
Apple Inc.,2021-12-29,2021-12-30,1,flat,flat,0.2410073947305156,0.5627181441566702,0.19627446111281419,0.2410073947305156,-0.32171074942615463,False,True
Apple Inc.,2021-12-30,2021-12-31,1,flat,flat,0.23708825974505243,0.5766268446531356,0.1862848956018119,0.23708825974505243,-0.3395385849080832,False,True
Apple Inc.,2021-12-31,2022-01-03,1,flat,flat,0.30277740900354766,0.5202672019350791,0.17695538906137326,0.30277740900354766,-0.21748979293153148,False,True
Apple Inc.,2022-01-03,2022-01-04,1,flat,flat,0.22809061732561564,0.49201322759147365,0.2798961550829107,0.2798961550829107,-0.21211707250856293,False,True
Apple Inc.,2022-01-04,2022-01-05,1,down,flat,0.2104693627209755,0.6247562785762149,0.16477435870280951,0.2104693627209755,-0.41428691585523936,False,False
Apple Inc.,2022-01-05,2022-01-06,1,down,flat,0.37767016954615573,0.45468926152541306,0.167640568928431,0.37767016954615573,-0.07701909197925733,False,False
Apple Inc.,2022-01-06,2022-01-07,1,flat,flat,0.3637696530494231,0.3949122799487947,0.2413180670017822,0.3637696530494231,-0.031142626899371584,False,True
Apple Inc.,2022-01-07,2022-01-10,1,down,flat,0.22353041677822338,0.45483334125887326,0.3216362419629033,0.3216362419629033,-0.13319709929596996,False,False
Apple Inc.,2022-01-10,2022-01-11,1,up,flat,0.33463866076080584,0.38960012873484984,0.2757612105043442,0.33463866076080584,-0.054961467974044,False,False
Apple Inc.,2022-01-11,2022-01-12,1,up,flat,0.16552461066149543,0.5914337959258245,0.2430415934126803,0.2430415934126803,-0.3483922025131442,False,False
Apple Inc.,2022-01-12,2022-01-13,1,down,flat,0.19327214626572614,0.5787620885564144,0.22796576517785944,0.22796576517785944,-0.350796323378555,False,False
Apple Inc.,2022-01-13,2022-01-14,1,flat,flat,0.3742426055885461,0.42220600146797244,0.20355139294348149,0.3742426055885461,-0.04796339587942633,False,True
Apple Inc.,2022-01-14,2022-01-18,1,flat,flat,0.29050912570216453,0.4322306098891899,0.27726026440864543,0.29050912570216453,-0.14172148418702535,False,True
Apple Inc.,2022-01-18,2022-01-19,1,down,flat,0.29621572377568944,0.36070307851877303,0.3430811977055375,0.3430811977055375,-0.017621880813235513,False,False
Apple Inc.,2022-01-19,2022-01-20,1,down,down,0.35091041146475555,0.34321806029673524,0.30587152823850905,0.35091041146475555,0.007692351168020306,True,True
Apple Inc.,2022-01-20,2022-01-21,1,down,flat,0.3187467486406526,0.4024986338082377,0.27875461755110953,0.3187467486406526,-0.08375188516758508,False,False
Apple Inc.,2022-01-21,2022-01-24,1,down,flat,0.30900837123178926,0.39393030918499117,0.29706131958321924,0.30900837123178926,-0.08492193795320191,False,False
Apple Inc.,2022-01-24,2022-01-25,1,flat,flat,0.3431161544639951,0.34327543234539554,0.3136084131906093,0.3431161544639951,-0.00015927788140041033,False,True
Apple Inc.,2022-01-25,2022-01-26,1,flat,flat,0.19898993097368983,0.430062800576011,0.370947268450299,0.370947268450299,-0.05911553212571197,False,True
Apple Inc.,2022-01-26,2022-01-27,1,flat,flat,0.23009707478092423,0.4432660281552996,0.3266368970637759,0.3266368970637759,-0.11662913109152367,False,True
Apple Inc.,2022-01-27,2022-01-28,1,up,flat,0.34877485611824843,0.3728174632037231,0.2784076806780283,0.34877485611824843,-0.024042607085474677,False,False
Apple Inc.,2022-01-28,2022-01-31,1,up,up,0.18836907907833494,0.3773371005126613,0.43429382040900366,0.43429382040900366,0.05695671989634238,True,True
Apple Inc.,2022-01-31,2022-02-01,1,flat,flat,0.2262923435129519,0.5192291562319704,0.2544785002550777,0.2544785002550777,-0.26475065597689273,False,True
Apple Inc.,2022-02-01,2022-02-02,1,flat,flat,0.2740085600408822,0.5627386419596909,0.1632527979994268,0.2740085600408822,-0.2887300819188087,False,True
Apple Inc.,2022-02-02,2022-02-03,1,flat,flat,0.2549342225688692,0.5632947025630237,0.181771074868107,0.2549342225688692,-0.3083604799941545,False,True
Apple Inc.,2022-02-03,2022-02-04,1,flat,flat,0.34430684996739797,0.5006278939547999,0.15506525607780208,0.34430684996739797,-0.15632104398740193,False,True
Apple Inc.,2022-02-04,2022-02-07,1,flat,flat,0.33012036095173847,0.524735956779719,0.1451436822685425,0.33012036095173847,-0.1946155958279805,False,True
Apple Inc.,2022-02-07,2022-02-08,1,flat,flat,0.23802241607323743,0.6132623914007784,0.14871519252598417,0.23802241607323743,-0.375239975327541,False,True
Apple Inc.,2022-02-08,2022-02-09,1,flat,flat,0.235969788666675,0.6504342947470203,0.11359591658630469,0.235969788666675,-0.4144645060803453,False,True
Apple Inc.,2022-02-09,2022-02-10,1,down,flat,0.21302833322812573,0.6489053654893596,0.13806630128251465,0.21302833322812573,-0.43587703226123387,False,False
Apple Inc.,2022-02-10,2022-02-11,1,down,flat,0.4242869950343739,0.43571244130154585,0.14000056366408015,0.4242869950343739,-0.011425446267171957,False,False
Apple Inc.,2022-02-11,2022-02-14,1,down,down,0.41803271972040357,0.4056887917186218,0.17627848856097467,0.41803271972040357,0.012343928001781745,True,True
Apple Inc.,2022-02-14,2022-02-15,1,up,flat,0.3133902564066522,0.463887963209739,0.2227217803836086,0.3133902564066522,-0.15049770680308683,False,False
Apple Inc.,2022-02-15,2022-02-16,1,flat,flat,0.16183860376910836,0.6126760031389136,0.2254853930919781,0.2254853930919781,-0.38719061004693545,False,True
Apple Inc.,2022-02-16,2022-02-17,1,flat,flat,0.2607905927037696,0.5909129086774177,0.14829649861881267,0.2607905927037696,-0.33012231597364816,False,True
Apple Inc.,2022-02-17,2022-02-18,1,flat,flat,0.3421525705020719,0.4742631162484275,0.18358431324950064,0.3421525705020719,-0.1321105457463556,False,True
Apple Inc.,2022-02-18,2022-02-22,1,down,flat,0.33104304521248007,0.40568085935413994,0.2632760954333799,0.33104304521248007,-0.07463781414165988,False,False
Apple Inc.,2022-02-22,2022-02-23,1,flat,down,0.37551380343487806,0.36874445781132215,0.2557417387537998,0.37551380343487806,0.006769345623555911,True,False
Apple Inc.,2022-02-23,2022-02-24,1,down,flat,0.2978671964857895,0.4447589933240076,0.25737381019020283,0.2978671964857895,-0.14689179683821807,False,False
Apple Inc.,2022-02-24,2022-02-25,1,up,flat,0.37991847695184233,0.39625945467048673,0.22382206837767082,0.37991847695184233,-0.0163409777186444,False,False
Apple Inc.,2022-02-25,2022-02-28,1,flat,flat,0.1389827104877389,0.5532355799044142,0.3077817096078468,0.3077817096078468,-0.2454538702965674,False,True
Apple Inc.,2022-02-28,2022-03-01,1,flat,flat,0.3216992339455643,0.4665652189833122,0.21173554707112344,0.3216992339455643,-0.1448659850377479,False,True
Apple Inc.,2022-03-01,2022-03-02,1,flat,flat,0.31015757192366694,0.4974475437778402,0.19239488429849297,0.31015757192366694,-0.18728997185417323,False,True
Apple Inc.,2022-03-02,2022-03-03,1,flat,flat,0.24681763375515064,0.5183161099068112,0.23486625633803795,0.24681763375515064,-0.27149847615166056,False,True
Apple Inc.,2022-03-03,2022-03-04,1,down,flat,0.2311228251955723,0.5218321016888446,0.24704507311558294,0.24704507311558294,-0.2747870285732617,False,False
Apple Inc.,2022-03-04,2022-03-07,1,flat,down,0.4402991274771591,0.397744745309088,0.161956127213753,0.4402991274771591,0.042554382168071114,True,False
Apple Inc.,2022-03-07,2022-03-08,1,down,flat,0.36779551497254215,0.3947481670489196,0.23745631797853822,0.36779551497254215,-0.026952652076377426,False,False
Apple Inc.,2022-03-08,2022-03-09,1,up,flat,0.3682515383932002,0.4074888420616781,0.2242596195451217,0.3682515383932002,-0.03923730366847794,False,False
Apple Inc.,2022-03-09,2022-03-10,1,down,flat,0.18586208934157344,0.5871389489394852,0.22699896171894135,0.22699896171894135,-0.3601399872205438,False,False
Apple Inc.,2022-03-10,2022-03-11,1,flat,down,0.4804511504873926,0.36549334859017074,0.15405550092243658,0.4804511504873926,0.11495780189722188,True,False
Apple Inc.,2022-03-11,2022-03-14,1,down,flat,0.4022021169010461,0.43425743508003656,0.16354044801891723,0.4022021169010461,-0.03205531817899043,False,False
Apple Inc.,2022-03-14,2022-03-15,1,flat,down,0.43277317429058093,0.3748697694064863,0.1923570563029327,0.43277317429058093,0.05790340488409462,True,False
Apple Inc.,2022-03-15,2022-03-16,1,up,flat,0.2136085406922612,0.4989396389573745,0.287451820350364,0.287451820350364,-0.2114878186070105,False,False
Apple Inc.,2022-03-16,2022-03-17,1,flat,flat,0.20478066588242472,0.49776451484399353,0.29745481927358164,0.29745481927358164,-0.2003096955704119,False,True
Apple Inc.,2022-03-17,2022-03-18,1,flat,flat,0.25886783989532036,0.602959518065107,0.1381726420395724,0.25886783989532036,-0.3440916781697866,False,True
Apple Inc.,2022-03-18,2022-03-21,1,flat,flat,0.31562357032494454,0.41745703781422194,0.26691939186083347,0.31562357032494454,-0.10183346748927741,False,True
Apple Inc.,2022-03-21,2022-03-22,1,flat,flat,0.23418540388120967,0.5496417894039158,0.21617280671487435,0.23418540388120967,-0.31545638552270616,False,True
Apple Inc.,2022-03-22,2022-03-23,1,flat,flat,0.24113444434792658,0.5740304484315943,0.18483510722047905,0.24113444434792658,-0.33289600408366776,False,True
Apple Inc.,2022-03-23,2022-03-24,1,flat,flat,0.2524794383410166,0.5483741623228563,0.1991463993361272,0.2524794383410166,-0.2958947239818397,False,True
Apple Inc.,2022-03-24,2022-03-25,1,flat,flat,0.24993405894254553,0.5930748648520818,0.15699107620537261,0.24993405894254553,-0.34314080590953633,False,True
Apple Inc.,2022-03-25,2022-03-28,1,flat,flat,0.24691517836337218,0.6075731114949904,0.14551171014163736,0.24691517836337218,-0.3606579331316182,False,True
Apple Inc.,2022-03-28,2022-03-29,1,up,flat,0.3190585639974225,0.5083130397253367,0.17262839627724091,0.3190585639974225,-0.1892544757279142,False,False
Apple Inc.,2022-03-29,2022-03-30,1,flat,flat,0.20874184151806693,0.5371488799180942,0.2541092785638388,0.2541092785638388,-0.28303960135425543,False,True
Apple Inc.,2022-03-30,2022-03-31,1,flat,flat,0.2529276602616412,0.5701961782105304,0.1768761615278283,0.2529276602616412,-0.31726851794888916,False,True
Apple Inc.,2022-03-31,2022-04-01,1,down,flat,0.3980631857604522,0.4156729128653694,0.18626390137417842,0.3980631857604522,-0.017609727104917205,False,False
Apple Inc.,2022-04-01,2022-04-04,1,up,flat,0.27855359097603294,0.5309602033186352,0.19048620570533167,0.27855359097603294,-0.2524066123426023,False,False
Apple Inc.,2022-04-04,2022-04-05,1,flat,flat,0.1563491523639498,0.5838638643747142,0.25978698326133604,0.25978698326133604,-0.3240768811133781,False,True
Apple Inc.,2022-04-05,2022-04-06,1,down,flat,0.24418656060202798,0.5567766793906127,0.1990367600073592,0.24418656060202798,-0.3125901187885847,False,False
Apple Inc.,2022-04-06,2022-04-07,1,flat,down,0.42160956636029046,0.4129242226749694,0.16546621096474007,0.42160956636029046,0.008685343685321034,True,False
Apple Inc.,2022-04-07,2022-04-08,1,flat,flat,0.2298570942470685,0.5090683571811144,0.26107454857181706,0.26107454857181706,-0.24799380860929737,False,True
Apple Inc.,2022-04-08,2022-04-11,1,down,flat,0.25344206101902056,0.46282934490569494,0.2837285940752845,0.2837285940752845,-0.17910075083041044,False,False
Apple Inc.,2022-04-11,2022-04-12,1,flat,flat,0.35833366060164185,0.42153832480746267,0.22012801459089537,0.35833366060164185,-0.06320466420582083,False,True
Apple Inc.,2022-04-12,2022-04-13,1,flat,flat,0.2535501006973891,0.47483058742112677,0.271619311881484,0.271619311881484,-0.20321127553964274,False,True
Apple Inc.,2022-04-13,2022-04-14,1,flat,flat,0.27146978679110967,0.5011156192133887,0.2274145939955015,0.27146978679110967,-0.22964583242227898,False,True
Apple Inc.,2022-04-14,2022-04-18,1,down,flat,0.3251415166715235,0.45316524513319295,0.2216932381952835,0.3251415166715235,-0.12802372846166943,False,False
Apple Inc.,2022-04-18,2022-04-19,1,flat,flat,0.3624706943066981,0.4190242838109902,0.2185050218823114,0.3624706943066981,-0.05655358950429212,False,True
Apple Inc.,2022-04-19,2022-04-20,1,flat,flat,0.21518166723899637,0.504884540951331,0.27993379180967276,0.27993379180967276,-0.2249507491416582,False,True
Apple Inc.,2022-04-20,2022-04-21,1,flat,flat,0.21167062698745004,0.5450878175937861,0.24324155541876386,0.24324155541876386,-0.30184626217502225,False,True
Apple Inc.,2022-04-21,2022-04-22,1,down,flat,0.3046237026129171,0.45856927864612795,0.23680701874095483,0.3046237026129171,-0.15394557603321085,False,False
Apple Inc.,2022-04-22,2022-04-25,1,down,down,0.44392932441761,0.36905644575053775,0.18701422983185195,0.44392932441761,0.07487287866707226,True,True
Apple Inc.,2022-04-25,2022-04-26,1,flat,down,0.3580243701311612,0.33750257195142347,0.30447305791741536,0.3580243701311612,0.020521798179737705,True,False
Apple Inc.,2022-04-26,2022-04-27,1,down,flat,0.2910458951460481,0.40527302824940803,0.30368107660454374,0.30368107660454374,-0.10159195164486429,False,False
Apple Inc.,2022-04-27,2022-04-28,1,up,flat,0.30988079329389423,0.4248839569860837,0.26523524972002205,0.30988079329389423,-0.11500316369218949,False,False
Apple Inc.,2022-04-28,2022-04-29,1,flat,flat,0.21586411984433002,0.4205594352422687,0.36357644491340113,0.36357644491340113,-0.056982990328867555,False,True
Apple Inc.,2022-04-29,2022-05-02,1,down,down,0.3977248734210469,0.37847751836316346,0.22379760821578956,0.3977248734210469,0.019247355057883442,True,True
Apple Inc.,2022-05-02,2022-05-03,1,flat,down,0.4741307860299495,0.33794512297706086,0.18792409099298946,0.4741307860299495,0.13618566305288865,True,False
Apple Inc.,2022-05-03,2022-05-04,1,up,flat,0.18504230397364266,0.5208972591753507,0.2940604368510066,0.2940604368510066,-0.2268368223243441,False,False
Apple Inc.,2022-05-04,2022-05-05,1,down,flat,0.22068784567387995,0.4656983233593013,0.3136138309668186,0.3136138309668186,-0.15208449239248267,False,False
Apple Inc.,2022-05-05,2022-05-06,1,down,down,0.5175229456702536,0.32760650646489275,0.15487054786485369,0.5175229456702536,0.18991643920536083,True,True
Apple Inc.,2022-05-06,2022-05-09,1,down,down,0.42870925849705405,0.4107792464852912,0.16051149501765474,0.42870925849705405,0.017930012011762864,True,True
Apple Inc.,2022-05-09,2022-05-10,1,flat,down,0.40203027955823734,0.3913411824930191,0.20662853794874358,0.40203027955823734,0.010689097065218256,True,False
Apple Inc.,2022-05-10,2022-05-11,1,down,flat,0.2837019971647087,0.4802556653495852,0.23604233748570608,0.2837019971647087,-0.19655366818487652,False,False
Apple Inc.,2022-05-11,2022-05-12,1,down,down,0.4496695190552426,0.3860721740280074,0.16425830691674984,0.4496695190552426,0.06359734502723519,True,True
Apple Inc.,2022-05-12,2022-05-13,1,flat,down,0.5250683397045147,0.28483842880965893,0.19009323148582624,0.5250683397045147,0.2402299108948558,True,False
Apple Inc.,2022-05-13,2022-05-16,1,flat,flat,0.1748037632556127,0.5663203426969734,0.2588758940474136,0.2588758940474136,-0.3074444486495598,False,True
Apple Inc.,2022-05-16,2022-05-17,1,flat,flat,0.2846616742703471,0.5242208093882675,0.19111751634138513,0.2846616742703471,-0.23955913511792043,False,True
Apple Inc.,2022-05-17,2022-05-18,1,down,flat,0.2558868814250014,0.5950746623058882,0.14903845626911005,0.2558868814250014,-0.33918778088088686,False,False
Apple Inc.,2022-05-18,2022-05-19,1,down,down,0.5280886686039263,0.3483534482208256,0.12355788317524793,0.5280886686039263,0.17973522038310075,True,True
Apple Inc.,2022-05-19,2022-05-20,1,flat,down,0.45681891226239824,0.3519243640102062,0.1912567237273955,0.45681891226239824,0.10489454825219202,True,False
Apple Inc.,2022-05-20,2022-05-23,1,flat,flat,0.2796363507435308,0.437406951335435,0.2829566979210342,0.2829566979210342,-0.15445025341440083,False,True
Apple Inc.,2022-05-23,2022-05-24,1,flat,flat,0.2009440054311737,0.5697192755413139,0.22933671902751226,0.22933671902751226,-0.34038255651380156,False,True
Apple Inc.,2022-05-24,2022-05-25,1,flat,flat,0.3646633141019815,0.5145318941857977,0.12080479171222067,0.3646633141019815,-0.1498685800838162,False,True
Apple Inc.,2022-05-25,2022-05-26,1,flat,flat,0.3141439468246008,0.5384997949295657,0.1473562582458334,0.3141439468246008,-0.2243558481049649,False,True
Apple Inc.,2022-05-26,2022-05-27,1,up,flat,0.29230225489573414,0.5289214175661423,0.17877632753812348,0.29230225489573414,-0.23661916267040817,False,False
Apple Inc.,2022-05-27,2022-05-31,1,flat,flat,0.17178624142222265,0.5387549353991832,0.28945882317859417,0.28945882317859417,-0.249296112220589,False,True
Apple Inc.,2022-05-31,2022-06-01,1,flat,flat,0.3378171363796086,0.5298203267845855,0.13236253683580584,0.3378171363796086,-0.19200319040497688,False,True
Apple Inc.,2022-06-01,2022-06-02,1,flat,flat,0.28589847671995544,0.5843405626308165,0.12976096064922799,0.28589847671995544,-0.298442085910861,False,True
Apple Inc.,2022-06-02,2022-06-03,1,down,flat,0.3051450223841741,0.5624687229652436,0.13238625465058215,0.3051450223841741,-0.2573237005810695,False,False
Apple Inc.,2022-06-03,2022-06-06,1,flat,down,0.43940457123130183,0.4293007296756438,0.13129469909305436,0.43940457123130183,0.010103841555658022,True,False
Apple Inc.,2022-06-06,2022-06-07,1,flat,flat,0.2350547916778252,0.6245819388704434,0.14036326945173122,0.2350547916778252,-0.3895271471926183,False,True
Apple Inc.,2022-06-07,2022-06-08,1,flat,flat,0.2713507505227276,0.5911424712544724,0.13750677822279986,0.2713507505227276,-0.3197917207317448,False,True
Apple Inc.,2022-06-08,2022-06-09,1,down,flat,0.24016100004019342,0.6391345923698122,0.12070440758999423,0.24016100004019342,-0.39897359232961876,False,False
Apple Inc.,2022-06-09,2022-06-10,1,down,down,0.45994302987680885,0.41416177950911787,0.12589519061407328,0.45994302987680885,0.045781250367690984,True,True
Apple Inc.,2022-06-10,2022-06-13,1,down,down,0.4993552034872165,0.36910953152156667,0.1315352649912168,0.4993552034872165,0.13024567196564985,True,True
Apple Inc.,2022-06-13,2022-06-14,1,flat,down,0.41103986659054814,0.37499399500468905,0.2139661384047627,0.41103986659054814,0.03604587158585909,True,False
Apple Inc.,2022-06-14,2022-06-15,1,flat,flat,0.21407245854001383,0.5129527888737018,0.2729747525862842,0.2729747525862842,-0.2399780362874176,False,True
Apple Inc.,2022-06-15,2022-06-16,1,down,flat,0.2627271044849755,0.5391657499457132,0.1981071455693112,0.2627271044849755,-0.2764386454607377,False,False
Apple Inc.,2022-06-16,2022-06-17,1,flat,down,0.5065128453640235,0.35658486541679185,0.13690228921918454,0.5065128453640235,0.14992797994723167,True,False
Apple Inc.,2022-06-17,2022-06-21,1,up,flat,0.3042423617891701,0.391346467861171,0.30441117034965876,0.30441117034965876,-0.08693529751151224,False,False
Apple Inc.,2022-06-21,2022-06-22,1,flat,flat,0.17911419892851657,0.4763709685831036,0.3445148324883798,0.3445148324883798,-0.13185613609472385,False,True
Apple Inc.,2022-06-22,2022-06-23,1,flat,flat,0.28809545672850145,0.51312459966956,0.1987799436019384,0.28809545672850145,-0.22502914294105858,False,True
Apple Inc.,2022-06-23,2022-06-24,1,up,flat,0.2538539109066996,0.509707183051029,0.23643890604227125,0.2538539109066996,-0.2558532721443294,False,False
Apple Inc.,2022-06-24,2022-06-27,1,flat,flat,0.23052394794536965,0.4731802652717142,0.29629578678291607,0.29629578678291607,-0.17688447848879812,False,True
Apple Inc.,2022-06-27,2022-06-28,1,flat,flat,0.2448848020095656,0.5535514406689174,0.20156375732151696,0.2448848020095656,-0.30866663865935173,False,True
Apple Inc.,2022-06-28,2022-06-29,1,flat,flat,0.3758206254140936,0.4844012770400221,0.13977809754588408,0.3758206254140936,-0.1085806516259285,False,True
Apple Inc.,2022-06-29,2022-06-30,1,flat,flat,0.36208055760194424,0.46858358983791415,0.1693358525601415,0.36208055760194424,-0.10650303223596991,False,True
Apple Inc.,2022-06-30,2022-07-01,1,flat,flat,0.36281058747706496,0.42962490534594133,0.20756450717699382,0.36281058747706496,-0.06681431786887637,False,True
Apple Inc.,2022-07-01,2022-07-05,1,flat,flat,0.22114223358970347,0.5917894232316289,0.18706834317866755,0.22114223358970347,-0.3706471896419254,False,True
Apple Inc.,2022-07-05,2022-07-06,1,up,flat,0.2571593299102526,0.5756905149061754,0.1671501551835721,0.2571593299102526,-0.3185311849959228,False,False
Apple Inc.,2022-07-06,2022-07-07,1,flat,flat,0.2211613283344765,0.5930800824214897,0.18575858924403388,0.2211613283344765,-0.3719187540870132,False,True
Apple Inc.,2022-07-07,2022-07-08,1,flat,flat,0.22661505317196784,0.6029410228011516,0.17044392402688074,0.22661505317196784,-0.37632596962918374,False,True
Apple Inc.,2022-07-08,2022-07-11,1,flat,flat,0.23520496672247115,0.571785439876701,0.1930095934008275,0.23520496672247115,-0.3365804731542299,False,True
Apple Inc.,2022-07-11,2022-07-12,1,flat,flat,0.31435590273220954,0.5404532507460927,0.14519084652169756,0.31435590273220954,-0.2260973480138832,False,True
Apple Inc.,2022-07-12,2022-07-13,1,down,flat,0.22840189772132,0.5476086161333739,0.22398948614530612,0.22840189772132,-0.31920671841205384,False,False
Apple Inc.,2022-07-13,2022-07-14,1,flat,flat,0.3704925382196316,0.4838718642561894,0.14563559752417884,0.3704925382196316,-0.11337932603655781,False,True
Apple Inc.,2022-07-14,2022-07-15,1,up,flat,0.21771491836368428,0.558889703979546,0.22339537765676953,0.22339537765676953,-0.3354943263227764,False,False
Apple Inc.,2022-07-15,2022-07-18,1,flat,flat,0.18923063845048452,0.596605499753146,0.21416386179636937,0.21416386179636937,-0.38244163795677666,False,True
Apple Inc.,2022-07-18,2022-07-19,1,flat,down,0.42895785607043246,0.41870741302760417,0.15233473090196348,0.42895785607043246,0.010250443042828294,True,False
Apple Inc.,2022-07-19,2022-07-20,1,up,flat,0.30592419162457113,0.4981500481186483,0.19592576025678066,0.30592419162457113,-0.1922258564940772,False,False
Apple Inc.,2022-07-20,2022-07-21,1,flat,flat,0.16699338632757302,0.6088044639439509,0.22420214972847602,0.22420214972847602,-0.3846023142154749,False,True
Apple Inc.,2022-07-21,2022-07-22,1,flat,flat,0.2264841764652371,0.5759653666220046,0.19755045691275816,0.2264841764652371,-0.3494811901567675,False,True
Apple Inc.,2022-07-22,2022-07-25,1,flat,flat,0.2647673314367258,0.5660030590555359,0.1692296095077383,0.2647673314367258,-0.3012357276188101,False,True
Apple Inc.,2022-07-25,2022-07-26,1,flat,flat,0.33486479962409,0.5088656576423505,0.1562695427335595,0.33486479962409,-0.17400085801826048,False,True
Apple Inc.,2022-07-26,2022-07-27,1,up,flat,0.34151241034903246,0.457047876672197,0.20143971297877056,0.34151241034903246,-0.11553546632316453,False,False
Apple Inc.,2022-07-27,2022-07-28,1,flat,flat,0.18993743928013118,0.46526085803020584,0.34480170268966304,0.34480170268966304,-0.1204591553405428,False,True
Apple Inc.,2022-07-28,2022-07-29,1,up,flat,0.2434233059613321,0.5171449221301413,0.2394317719085266,0.2434233059613321,-0.2737216161688092,False,False
Apple Inc.,2022-07-29,2022-08-01,1,flat,flat,0.23177132731013267,0.507632225375772,0.26059644731409537,0.26059644731409537,-0.24703577806167665,False,True
Apple Inc.,2022-08-01,2022-08-02,1,flat,flat,0.30036805750231155,0.5327738598281168,0.16685808266957158,0.30036805750231155,-0.2324058023258052,False,True
Apple Inc.,2022-08-02,2022-08-03,1,up,flat,0.3289930822457554,0.49111470338169383,0.17989221437255076,0.3289930822457554,-0.16212162113593842,False,False
Apple Inc.,2022-08-03,2022-08-04,1,flat,flat,0.2042478095612442,0.4594213698500864,0.33633082058866925,0.33633082058866925,-0.12309054926141716,False,True
Apple Inc.,2022-08-04,2022-08-05,1,flat,flat,0.18131665446874223,0.6277918712075647,0.19089147432369297,0.19089147432369297,-0.4369003968838718,False,True
Apple Inc.,2022-08-05,2022-08-08,1,flat,flat,0.36046076341952915,0.487560341961898,0.15197889461857286,0.36046076341952915,-0.12709957854236886,False,True
Apple Inc.,2022-08-08,2022-08-09,1,flat,flat,0.1744308530038648,0.6152198337797448,0.21034931321639022,0.21034931321639022,-0.40487052056335454,False,True
Apple Inc.,2022-08-09,2022-08-10,1,up,flat,0.35123971874973103,0.4448378819516693,0.20392239929859968,0.35123971874973103,-0.09359816320193826,False,False
Apple Inc.,2022-08-10,2022-08-11,1,flat,flat,0.15732942412998535,0.549851961922408,0.2928186139476066,0.2928186139476066,-0.25703334797480143,False,True
Apple Inc.,2022-08-11,2022-08-12,1,flat,flat,0.19403092892391233,0.6295783397955546,0.1763907312805329,0.19403092892391233,-0.4355474108716422,False,True
Apple Inc.,2022-08-12,2022-08-15,1,flat,flat,0.2615190709124762,0.528629825046195,0.20985110404132876,0.2615190709124762,-0.2671107541337188,False,True
Apple Inc.,2022-08-15,2022-08-16,1,flat,flat,0.18596222093221082,0.6203870839273367,0.1936506951404523,0.1936506951404523,-0.42673638878688436,False,True
Apple Inc.,2022-08-16,2022-08-17,1,flat,flat,0.19991855239197512,0.550176168303957,0.2499052793040677,0.2499052793040677,-0.3002708889998893,False,True
Apple Inc.,2022-08-17,2022-08-18,1,flat,flat,0.2574522889641236,0.4140400645522281,0.3285076464836482,0.3285076464836482,-0.08553241806857986,False,True
Apple Inc.,2022-08-18,2022-08-19,1,down,flat,0.23251844089450074,0.4976242142814933,0.2698573448240057,0.2698573448240057,-0.2277668694574876,False,False
Apple Inc.,2022-08-19,2022-08-22,1,down,flat,0.3477653803508319,0.38029504376310763,0.27193957588606055,0.3477653803508319,-0.032529663412275756,False,False
Apple Inc.,2022-08-22,2022-08-23,1,flat,flat,0.336224735908414,0.39273440059627485,0.27104086349531104,0.336224735908414,-0.05650966468786084,False,True
Apple Inc.,2022-08-23,2022-08-24,1,flat,flat,0.2358256360761713,0.45402384798688566,0.3101505159369431,0.3101505159369431,-0.14387333204994257,False,True
Apple Inc.,2022-08-24,2022-08-25,1,up,flat,0.2169869755112189,0.47146953831337857,0.3115434861754026,0.3115434861754026,-0.15992605213797595,False,False
Apple Inc.,2022-08-25,2022-08-26,1,down,flat,0.17257289509564033,0.5720821839014523,0.2553449210029076,0.2553449210029076,-0.31673726289854465,False,False
Apple Inc.,2022-08-26,2022-08-29,1,down,down,0.3653929043492804,0.34070819961348303,0.2938988960372364,0.3653929043492804,0.02468470473579737,True,True
Apple Inc.,2022-08-29,2022-08-30,1,flat,down,0.41144060710188024,0.3297869670349769,0.25877242586314275,0.41144060710188024,0.08165364006690334,True,False
Apple Inc.,2022-08-30,2022-08-31,1,flat,up,0.23416085845091333,0.3574779809455503,0.40836116060353633,0.40836116060353633,0.050883179657986055,True,False
Apple Inc.,2022-08-31,2022-09-01,1,down,up,0.24048640468932458,0.3756851689296403,0.38382842638103487,0.38382842638103487,0.008143257451394548,True,False
Apple Inc.,2022-09-01,2022-09-02,1,flat,flat,0.3102867163109484,0.38909687229677414,0.3006164113922773,0.3102867163109484,-0.07881015598582575,False,True
Apple Inc.,2022-09-02,2022-09-06,1,down,flat,0.24072182336330425,0.4184549059605309,0.34082327067616464,0.34082327067616464,-0.07763163528436628,False,False
Apple Inc.,2022-09-06,2022-09-07,1,flat,down,0.3584596783503716,0.3463508215664674,0.29518950008316075,0.3584596783503716,0.01210885678390422,True,False
Apple Inc.,2022-09-07,2022-09-08,1,flat,up,0.2599877476618344,0.32601743206615885,0.4139948202720066,0.4139948202720066,0.08797738820584777,True,False
Apple Inc.,2022-09-08,2022-09-09,1,flat,up,0.23839907026163348,0.35903597693877404,0.4025649527995925,0.4025649527995925,0.04352897586081844,True,False
Apple Inc.,2022-09-09,2022-09-12,1,up,flat,0.20472689290887708,0.4900963836140841,0.3051767234770387,0.3051767234770387,-0.18491966013704536,False,False
Apple Inc.,2022-09-12,2022-09-13,1,down,up,0.17150559377186003,0.38984506315199574,0.43864934307614417,0.43864934307614417,0.04880427992414843,True,False
Apple Inc.,2022-09-13,2022-09-14,1,flat,down,0.5255579538084346,0.2841352145168201,0.1903068316747452,0.5255579538084346,0.2414227392916145,True,False
Apple Inc.,2022-09-14,2022-09-15,1,flat,flat,0.3284192810442321,0.41294655444128664,0.25863416451448124,0.3284192810442321,-0.08452727339705451,False,True
Apple Inc.,2022-09-15,2022-09-16,1,down,flat,0.30432850599985617,0.39655273136046876,0.2991187626396753,0.30432850599985617,-0.09222422536061259,False,False
Apple Inc.,2022-09-16,2022-09-19,1,flat,flat,0.35155605274921964,0.3637021742937365,0.2847417729570438,0.35155605274921964,-0.012146121544516886,False,True
Apple Inc.,2022-09-19,2022-09-20,1,up,flat,0.20593264250727736,0.5674499944283529,0.22661736306436944,0.22661736306436944,-0.34083263136398345,False,False
Apple Inc.,2022-09-20,2022-09-21,1,flat,flat,0.24140411881601398,0.45249237088982575,0.30610351029416016,0.30610351029416016,-0.14638886059566558,False,True
Apple Inc.,2022-09-21,2022-09-22,1,down,flat,0.3728321818753866,0.45440520393976525,0.17276261418484812,0.3728321818753866,-0.08157302206437866,False,False
Apple Inc.,2022-09-22,2022-09-23,1,flat,down,0.42728532477788744,0.4196648450538338,0.15304983016827872,0.42728532477788744,0.007620479724053664,True,False
Apple Inc.,2022-09-23,2022-09-26,1,flat,down,0.3868240499759101,0.37445015486974276,0.23872579515434722,0.3868240499759101,0.01237389510616732,True,False
Apple Inc.,2022-09-26,2022-09-27,1,flat,flat,0.2623159310352603,0.4967991340037572,0.24088493496098243,0.2623159310352603,-0.2344832029684969,False,True
Apple Inc.,2022-09-27,2022-09-28,1,down,flat,0.28669865591978627,0.547594845100139,0.1657064989800745,0.28669865591978627,-0.26089618918035273,False,False
Apple Inc.,2022-09-28,2022-09-29,1,down,down,0.5128381424605634,0.331043660344953,0.1561181971944834,0.5128381424605634,0.1817944821156104,True,True
Apple Inc.,2022-09-29,2022-09-30,1,down,flat,0.40127111027699197,0.4218679629854122,0.17686092673759582,0.40127111027699197,-0.02059685270842021,False,False
Apple Inc.,2022-09-30,2022-10-03,1,flat,flat,0.35608091941732406,0.41268654898347806,0.2312325315991977,0.35608091941732406,-0.056605629566154,False,True
Apple Inc.,2022-10-03,2022-10-04,1,up,flat,0.23924943856308317,0.476314700393084,0.28443586104383267,0.28443586104383267,-0.19187883934925132,False,False
Apple Inc.,2022-10-04,2022-10-05,1,flat,flat,0.15869320228132547,0.6026668209301029,0.23863997678857138,0.23863997678857138,-0.3640268441415315,False,True
Apple Inc.,2022-10-05,2022-10-06,1,flat,flat,0.34108618415065767,0.5306434533127932,0.1282703625365491,0.34108618415065767,-0.1895572691621355,False,True
Apple Inc.,2022-10-06,2022-10-07,1,down,flat,0.28973378069604827,0.5510489793576412,0.1592172399463105,0.28973378069604827,-0.2613151986615929,False,False
Apple Inc.,2022-10-07,2022-10-10,1,flat,down,0.46294481451529856,0.3683078013826722,0.16874738410202927,0.46294481451529856,0.09463701313262635,True,False
Apple Inc.,2022-10-10,2022-10-11,1,flat,flat,0.2787470859733675,0.48093659318882653,0.24031632083780585,0.2787470859733675,-0.20218950721545903,False,True
Apple Inc.,2022-10-11,2022-10-12,1,flat,flat,0.2862733786016545,0.49018069199234227,0.22354592940600337,0.2862733786016545,-0.20390731339068774,False,True
Apple Inc.,2022-10-12,2022-10-13,1,flat,flat,0.2865864789215045,0.5325059932641678,0.18090752781432756,0.2865864789215045,-0.2459195143426633,False,True
Apple Inc.,2022-10-13,2022-10-14,1,flat,flat,0.3765881338041378,0.4044008454415918,0.2190110207542704,0.3765881338041378,-0.027812711637454024,False,True
Apple Inc.,2022-10-14,2022-10-17,1,flat,flat,0.23008347602667178,0.5626343841448458,0.20728213982848231,0.23008347602667178,-0.332550908118174,False,True
Apple Inc.,2022-10-17,2022-10-18,1,flat,flat,0.3405646274144782,0.5131801733620064,0.14625519922351538,0.3405646274144782,-0.1726155459475282,False,True
Apple Inc.,2022-10-18,2022-10-19,1,flat,flat,0.2800810466862604,0.48614603307567406,0.23377292023806537,0.2800810466862604,-0.20606498638941367,False,True
Apple Inc.,2022-10-19,2022-10-20,1,flat,flat,0.3725838983105149,0.4902427036266451,0.1371733980628398,0.3725838983105149,-0.11765880531613021,False,True
Apple Inc.,2022-10-20,2022-10-21,1,flat,flat,0.2686609321609199,0.541694375628465,0.18964469221061497,0.2686609321609199,-0.2730334434675451,False,True
Apple Inc.,2022-10-21,2022-10-24,1,up,flat,0.28961893539731537,0.4992627388505597,0.2111183257521248,0.28961893539731537,-0.20964380345324435,False,False
Apple Inc.,2022-10-24,2022-10-25,1,up,flat,0.20688216881164304,0.6287903192313861,0.16432751195697093,0.20688216881164304,-0.42190815041974306,False,False
Apple Inc.,2022-10-25,2022-10-26,1,flat,flat,0.22232814168151974,0.6275773789496778,0.15009447936880246,0.22232814168151974,-0.4052492372681581,False,True
Apple Inc.,2022-10-26,2022-10-27,1,down,flat,0.42036161835820673,0.44255471331178287,0.1370836683300105,0.42036161835820673,-0.02219309495357613,False,False
Apple Inc.,2022-10-27,2022-10-28,1,up,down,0.5113166601501324,0.3238993397378614,0.16478400011200625,0.5113166601501324,0.18741732041227105,True,False
Apple Inc.,2022-10-28,2022-10-31,1,flat,flat,0.18432084819750355,0.44198142418265096,0.3736977276198456,0.3736977276198456,-0.06828369656280536,False,True
Apple Inc.,2022-10-31,2022-11-01,1,flat,flat,0.29497282805191855,0.5649516707295578,0.1400755012185236,0.29497282805191855,-0.2699788426776392,False,True
Apple Inc.,2022-11-01,2022-11-02,1,down,flat,0.36487848402828216,0.5436488518531356,0.09147266411858229,0.36487848402828216,-0.17877036782485345,False,False
Apple Inc.,2022-11-02,2022-11-03,1,down,down,0.4997068159594539,0.3621473968263844,0.13814578721416165,0.4997068159594539,0.13755941913306946,True,True
Apple Inc.,2022-11-03,2022-11-04,1,flat,down,0.48611366681316254,0.3743150223546737,0.13957131083216384,0.48611366681316254,0.11179864445848886,True,False
Apple Inc.,2022-11-04,2022-11-07,1,flat,flat,0.2966259328462253,0.44775361154942034,0.25562045560435426,0.2966259328462253,-0.15112767870319505,False,True
Apple Inc.,2022-11-07,2022-11-08,1,flat,flat,0.2949988623781057,0.5467945599853341,0.15820657763656004,0.2949988623781057,-0.2517956976072284,False,True
Apple Inc.,2022-11-08,2022-11-09,1,down,flat,0.30077018749033324,0.5522703994827873,0.14695941302687948,0.30077018749033324,-0.2515002119924541,False,False
Apple Inc.,2022-11-09,2022-11-10,1,up,flat,0.42296166418169345,0.45366371558749075,0.12337462023081563,0.42296166418169345,-0.030702051405797293,False,False
Apple Inc.,2022-11-10,2022-11-11,1,up,flat,0.17043806489052926,0.4457832445581311,0.3837786905513395,0.3837786905513395,-0.06200455400679161,False,False
Apple Inc.,2022-11-11,2022-11-14,1,flat,flat,0.2370374495451617,0.5802001349253372,0.18276241552950118,0.2370374495451617,-0.34316268538017547,False,True
Apple Inc.,2022-11-14,2022-11-15,1,flat,flat,0.3023862923469394,0.5918198188814026,0.10579388877165785,0.3023862923469394,-0.28943352653446314,False,True
Apple Inc.,2022-11-15,2022-11-16,1,flat,flat,0.2979045384041164,0.5369438843583352,0.16515157723754817,0.2979045384041164,-0.23903934595421877,False,True
Apple Inc.,2022-11-16,2022-11-17,1,flat,flat,0.36709796461990185,0.5310701589951783,0.10183187638491972,0.36709796461990185,-0.16397219437527644,False,True
Apple Inc.,2022-11-17,2022-11-18,1,flat,flat,0.2900047702321012,0.544077059201644,0.1659181705662548,0.2900047702321012,-0.25407228896954276,False,True
Apple Inc.,2022-11-18,2022-11-21,1,flat,flat,0.16248390815390795,0.6663687309928713,0.17114736085322046,0.17114736085322046,-0.49522137013965084,False,True
Apple Inc.,2022-11-21,2022-11-22,1,flat,flat,0.3558332994717972,0.56630394935722,0.07786275117098261,0.3558332994717972,-0.21047064988542274,False,True
Apple Inc.,2022-11-22,2022-11-23,1,flat,flat,0.22532652786778817,0.6348494997764613,0.13982397235575034,0.22532652786778817,-0.40952297190867315,False,True
Apple Inc.,2022-11-23,2022-11-25,1,flat,flat,0.20002911374084495,0.6214343905527451,0.17853649570640984,0.20002911374084495,-0.4214052768119001,False,True
Apple Inc.,2022-11-25,2022-11-28,1,down,flat,0.2917806794632183,0.5667826982695685,0.14143662226721274,0.2917806794632183,-0.2750020188063502,False,False
Apple Inc.,2022-11-28,2022-11-29,1,flat,down,0.4277385660325753,0.40815796948032534,0.16410346448709945,0.4277385660325753,0.019580596552249974,True,False
Apple Inc.,2022-11-29,2022-11-30,1,flat,flat,0.3667692436769008,0.42880885278544395,0.20442190353765533,0.3667692436769008,-0.06203960910854317,False,True
Apple Inc.,2022-11-30,2022-12-01,1,up,flat,0.26335091118482123,0.4733757521776935,0.26327333663748526,0.26335091118482123,-0.21002484099287227,False,False
Apple Inc.,2022-12-01,2022-12-02,1,flat,flat,0.16445412866373543,0.6441113645929817,0.19143450674328272,0.19143450674328272,-0.45267685784969897,False,True
Apple Inc.,2022-12-02,2022-12-05,1,flat,flat,0.34278109243370064,0.5350553785138037,0.12216352905249576,0.34278109243370064,-0.19227428608010305,False,True
Apple Inc.,2022-12-05,2022-12-06,1,down,flat,0.23795099289574015,0.5649352460624402,0.19711376104181963,0.23795099289574015,-0.3269842531667,False,False
Apple Inc.,2022-12-06,2022-12-07,1,down,flat,0.37970524109655335,0.4335606049052225,0.18673415399822402,0.37970524109655335,-0.05385536380866918,False,False
Apple Inc.,2022-12-07,2022-12-08,1,flat,down,0.40702848517349655,0.38547943011227387,0.2074920847142297,0.40702848517349655,0.021549055061222677,True,False
Apple Inc.,2022-12-08,2022-12-09,1,flat,flat,0.2420485606341835,0.5183865577802533,0.23956488158556288,0.2420485606341835,-0.2763379971460698,False,True
Apple Inc.,2022-12-09,2022-12-12,1,flat,flat,0.334829131689672,0.4628647140587886,0.2023061542515393,0.334829131689672,-0.1280355823691166,False,True
Apple Inc.,2022-12-12,2022-12-13,1,up,flat,0.30752040955464943,0.5235865860891042,0.16889300435624602,0.30752040955464943,-0.2160661765344548,False,False
Apple Inc.,2022-12-13,2022-12-14,1,down,flat,0.2071175608147816,0.4609217779928346,0.3319606611923837,0.3319606611923837,-0.12896111680045091,False,False
Apple Inc.,2022-12-14,2022-12-15,1,down,down,0.5014842921644604,0.3605868472368967,0.1379288605986429,0.5014842921644604,0.14089744492756373,True,True
Apple Inc.,2022-12-15,2022-12-16,1,down,down,0.47968815809989795,0.32225719372432166,0.19805464817578042,0.47968815809989795,0.1574309643755763,True,True
Apple Inc.,2022-12-16,2022-12-19,1,flat,flat,0.33206254223676757,0.3778734117196476,0.2900640460435847,0.33206254223676757,-0.045810869482880046,False,True
Apple Inc.,2022-12-19,2022-12-20,1,flat,flat,0.2729810105881459,0.5189147174238092,0.2081042719880448,0.2729810105881459,-0.24593370683566335,False,True
Apple Inc.,2022-12-20,2022-12-21,1,up,flat,0.32763891608743906,0.47057783229611827,0.20178325161644273,0.32763891608743906,-0.1429389162086792,False,False
Apple Inc.,2022-12-21,2022-12-22,1,flat,flat,0.25848043745508975,0.4748312981137439,0.26668826443116633,0.26668826443116633,-0.20814303368257758,False,True
Apple Inc.,2022-12-22,2022-12-23,1,flat,down,0.43954520631155114,0.4152265459755749,0.1452282477128737,0.43954520631155114,0.02431866033597624,True,False
Apple Inc.,2022-12-23,2022-12-27,1,flat,flat,0.3690481284443895,0.43769701182674614,0.193254859728864,0.3690481284443895,-0.06864888338235664,False,True
Apple Inc.,2022-12-27,2022-12-28,1,down,flat,0.35800924243923604,0.3806054031057694,0.2613853544549945,0.35800924243923604,-0.02259616066653336,False,False
Apple Inc.,2022-12-28,2022-12-29,1,flat,down,0.42763266117099774,0.3659760320980859,0.20639130673091635,0.42763266117099774,0.06165662907291186,True,False
Apple Inc.,2022-12-29,2022-12-30,1,flat,flat,0.2926897336282801,0.4427704193992484,0.26453984697247124,0.2926897336282801,-0.15008068577096828,False,True
Apple Inc.,2022-12-30,2023-01-03,1,flat,flat,0.3254127411212665,0.4266367304228592,0.24795052845587418,0.3254127411212665,-0.10122398930159271,False,True
Apple Inc.,2023-01-03,2023-01-04,1,flat,down,0.4046058637512686,0.38404243324490966,0.2113517030038217,0.4046058637512686,0.02056343050635895,True,False
Apple Inc.,2023-01-04,2023-01-05,1,flat,flat,0.29369832209305635,0.41103695361537695,0.2952647242915666,0.2952647242915666,-0.11577222932381037,False,True
Apple Inc.,2023-01-05,2023-01-06,1,flat,flat,0.28079309526870666,0.44523784540835976,0.2739690593229334,0.28079309526870666,-0.1644447501396531,False,True
Apple Inc.,2023-01-06,2023-01-09,1,up,flat,0.2657304074201405,0.4327839081316691,0.30148568444819024,0.30148568444819024,-0.13129822368347888,False,False
Apple Inc.,2023-01-09,2023-01-10,1,flat,flat,0.19738182585981517,0.5090780116635085,0.29354016247667614,0.29354016247667614,-0.2155378491868324,False,True
Apple Inc.,2023-01-10,2023-01-11,1,flat,flat,0.37856155832232163,0.47755411165706085,0.14388433002061754,0.37856155832232163,-0.09899255333473922,False,True
Apple Inc.,2023-01-11,2023-01-12,1,flat,flat,0.24648508594527246,0.4687726347339296,0.28474227932079793,0.28474227932079793,-0.18403035541313167,False,True
Apple Inc.,2023-01-12,2023-01-13,1,flat,flat,0.26471962379962416,0.5006692057397095,0.23461117046066626,0.26471962379962416,-0.23594958194008536,False,True
Apple Inc.,2023-01-13,2023-01-17,1,flat,flat,0.26839462191437863,0.5496790150719703,0.18192636301365098,0.26839462191437863,-0.28128439315759163,False,True
Apple Inc.,2023-01-17,2023-01-18,1,flat,flat,0.1949580792388414,0.5653009328826539,0.23974098787850462,0.23974098787850462,-0.3255599450041493,False,True
Apple Inc.,2023-01-18,2023-01-19,1,flat,flat,0.2688458763725964,0.5519689578944766,0.17918516573292706,0.2688458763725964,-0.28312308152188026,False,True
Apple Inc.,2023-01-19,2023-01-20,1,flat,flat,0.3427645679431017,0.504841367350044,0.15239406470685402,0.3427645679431017,-0.16207679940694236,False,True
Apple Inc.,2023-01-20,2023-01-23,1,up,flat,0.2420699411310524,0.46194771173928295,0.29598234712966454,0.29598234712966454,-0.16596536460961842,False,False
Apple Inc.,2023-01-23,2023-01-24,1,flat,flat,0.21134908909566333,0.48323877168492824,0.30541213921940835,0.30541213921940835,-0.17782663246551988,False,True
Apple Inc.,2023-01-24,2023-01-25,1,flat,flat,0.24747043712093658,0.5596191047912584,0.19291045808780488,0.24747043712093658,-0.31214866767032184,False,True
Apple Inc.,2023-01-25,2023-01-26,1,up,flat,0.35041767405916063,0.49978713561012456,0.1497951903307149,0.35041767405916063,-0.14936946155096392,False,False
Apple Inc.,2023-01-26,2023-01-27,1,flat,flat,0.2010320884947915,0.5721498985750073,0.22681801293020115,0.22681801293020115,-0.34533188564480616,False,True
Apple Inc.,2023-01-27,2023-01-30,1,flat,flat,0.2591855764323111,0.49082693137942873,0.2499874921882601,0.2591855764323111,-0.23164135494711763,False,True
Apple Inc.,2023-01-30,2023-01-31,1,flat,flat,0.3339153239866294,0.5060481973462981,0.16003647866707266,0.3339153239866294,-0.17213287335966876,False,True
Apple Inc.,2023-01-31,2023-02-01,1,flat,flat,0.33600061090622046,0.4741521536537319,0.18984723544004767,0.33600061090622046,-0.13815154274751146,False,True
Apple Inc.,2023-02-01,2023-02-02,1,up,flat,0.2683511481897913,0.4682648119759345,0.26338403983427416,0.2683511481897913,-0.19991366378614323,False,False
Apple Inc.,2023-02-02,2023-02-03,1,flat,flat,0.17604083937665127,0.44279126222199816,0.38116789840135057,0.38116789840135057,-0.06162336382064759,False,True
Apple Inc.,2023-02-03,2023-02-06,1,flat,flat,0.3207306213935215,0.42011979164207514,0.2591495869644036,0.3207306213935215,-0.09938917024855365,False,True
Apple Inc.,2023-02-06,2023-02-07,1,flat,flat,0.285333213668784,0.5631436060264573,0.15152318030475873,0.285333213668784,-0.2778103923576733,False,True
Apple Inc.,2023-02-07,2023-02-08,1,flat,flat,0.3178118130404829,0.45371025962981576,0.2284779273297015,0.3178118130404829,-0.13589844658933287,False,True
Apple Inc.,2023-02-08,2023-02-09,1,flat,flat,0.25102455679988545,0.5396707989310586,0.20930464426905568,0.25102455679988545,-0.2886462421311732,False,True
Apple Inc.,2023-02-09,2023-02-10,1,flat,flat,0.283830718974683,0.5473053207359961,0.16886396028932077,0.283830718974683,-0.26347460176131315,False,True
Apple Inc.,2023-02-10,2023-02-13,1,flat,flat,0.3337107045326298,0.4945360576561665,0.1717532378112037,0.3337107045326298,-0.16082535312353669,False,True
Apple Inc.,2023-02-13,2023-02-14,1,flat,flat,0.18303957986195085,0.6111821092579364,0.20577831088011275,0.20577831088011275,-0.4054037983778236,False,True
Apple Inc.,2023-02-14,2023-02-15,1,flat,flat,0.2509784595981199,0.5703065108635478,0.1787150295383323,0.2509784595981199,-0.3193280512654279,False,True
Apple Inc.,2023-02-15,2023-02-16,1,flat,flat,0.21032531535427348,0.6014188775394523,0.18825580710627413,0.21032531535427348,-0.3910935621851789,False,True
Apple Inc.,2023-02-16,2023-02-17,1,down,flat,0.28673465380616087,0.5165817316517531,0.19668361454208594,0.28673465380616087,-0.22984707784559227,False,False
Apple Inc.,2023-02-17,2023-02-21,1,down,flat,0.3307489558035896,0.4969811126388085,0.17226993155760179,0.3307489558035896,-0.1662321568352189,False,False
Apple Inc.,2023-02-21,2023-02-22,1,flat,flat,0.34441267668000414,0.4491545574079209,0.20643276591207493,0.34441267668000414,-0.10474188072791674,False,True
Apple Inc.,2023-02-22,2023-02-23,1,flat,flat,0.2543949334961855,0.5153137748779847,0.23029129162582962,0.2543949334961855,-0.26091884138179916,False,True
Apple Inc.,2023-02-23,2023-02-24,1,down,flat,0.2384496620817394,0.5688093402496512,0.19274099766860928,0.2384496620817394,-0.33035967816791184,False,False
Apple Inc.,2023-02-24,2023-02-27,1,flat,flat,0.3895246500984236,0.4158824931537466,0.19459285674782983,0.3895246500984236,-0.026357843055323016,False,True
Apple Inc.,2023-02-27,2023-02-28,1,flat,flat,0.19397293186568199,0.5703914191789531,0.23563564895536476,0.23563564895536476,-0.3347557702235883,False,True
Apple Inc.,2023-02-28,2023-03-01,1,flat,flat,0.30171335088802137,0.4293008288965957,0.2689858202153829,0.30171335088802137,-0.12758747800857434,False,True
Apple Inc.,2023-03-01,2023-03-02,1,flat,flat,0.33378798834800605,0.40289101654799997,0.2633209951039938,0.33378798834800605,-0.06910302819999392,False,True
Apple Inc.,2023-03-02,2023-03-03,1,up,flat,0.2639038482300771,0.43771094305601604,0.2983852087139067,0.2983852087139067,-0.13932573434210932,False,False
Apple Inc.,2023-03-03,2023-03-06,1,up,flat,0.15867735342779565,0.4324946042441751,0.4088280423280292,0.4088280423280292,-0.023666561916145856,False,False
Apple Inc.,2023-03-06,2023-03-07,1,down,flat,0.1837681311469001,0.4761239041431714,0.3401079647099284,0.3401079647099284,-0.13601593943324303,False,False
Apple Inc.,2023-03-07,2023-03-08,1,flat,flat,0.3727417177794227,0.4506218376674018,0.1766364445531754,0.3727417177794227,-0.0778801198879791,False,True
Apple Inc.,2023-03-08,2023-03-09,1,flat,flat,0.2251451136570051,0.5436599766657313,0.2311949096772635,0.2311949096772635,-0.31246506698846777,False,True
Apple Inc.,2023-03-09,2023-03-10,1,down,flat,0.2828873143898414,0.44193034825413563,0.27518233735602304,0.2828873143898414,-0.15904303386429425,False,False
Apple Inc.,2023-03-10,2023-03-13,1,flat,down,0.3814676353406231,0.3594219151000291,0.2591104495593477,0.3814676353406231,0.022045720240594036,True,False
Apple Inc.,2023-03-13,2023-03-14,1,up,flat,0.2629808370817933,0.42474255790382087,0.3122766050143857,0.3122766050143857,-0.11246595288943517,False,False
Apple Inc.,2023-03-14,2023-03-15,1,flat,flat,0.2058853109694204,0.527023556926527,0.26709113210405233,0.26709113210405233,-0.2599324248224747,False,True
Apple Inc.,2023-03-15,2023-03-16,1,up,flat,0.3093962574249537,0.4288902681957946,0.26171347437925174,0.3093962574249537,-0.11949401077084093,False,False
Apple Inc.,2023-03-16,2023-03-17,1,flat,flat,0.23023881338682642,0.48842661952790156,0.2813345670852719,0.2813345670852719,-0.20709205244262968,False,True
Apple Inc.,2023-03-17,2023-03-20,1,flat,flat,0.257949023529383,0.4477348617089612,0.2943161147616557,0.2943161147616557,-0.1534187469473055,False,True
Apple Inc.,2023-03-20,2023-03-21,1,flat,flat,0.27165221741470763,0.5003945043697708,0.22795327821552147,0.27165221741470763,-0.2287422869550632,False,True
Apple Inc.,2023-03-21,2023-03-22,1,flat,flat,0.22307295540127514,0.5105042047522238,0.26642283984650095,0.26642283984650095,-0.24408136490572285,False,True
Apple Inc.,2023-03-22,2023-03-23,1,flat,flat,0.2720796064107883,0.5076811203424333,0.22023927324677833,0.2720796064107883,-0.23560151393164497,False,True
Apple Inc.,2023-03-23,2023-03-24,1,flat,flat,0.2869373416702746,0.5142458894459598,0.19881676888376537,0.2869373416702746,-0.2273085477756852,False,True
Apple Inc.,2023-03-24,2023-03-27,1,flat,flat,0.24070834833846855,0.5540273096262471,0.2052643420352842,0.24070834833846855,-0.3133189612877786,False,True
Apple Inc.,2023-03-27,2023-03-28,1,flat,flat,0.242346309557011,0.5572578580151268,0.20039583242786224,0.242346309557011,-0.31491154845811586,False,True
Apple Inc.,2023-03-28,2023-03-29,1,up,flat,0.2825452946971486,0.5260567167984631,0.19139798850438838,0.2825452946971486,-0.2435114221013145,False,False
Apple Inc.,2023-03-29,2023-03-30,1,flat,flat,0.1557783269469562,0.6066833842657198,0.23753828878732408,0.23753828878732408,-0.3691450954783957,False,True
Apple Inc.,2023-03-30,2023-03-31,1,flat,flat,0.18180982556881337,0.6202089396456058,0.19798123478558083,0.19798123478558083,-0.4222277048600249,False,True
Apple Inc.,2023-03-31,2023-04-03,1,flat,flat,0.24623091744434822,0.478519217345832,0.2752498652098197,0.2752498652098197,-0.20326935213601233,False,True
Apple Inc.,2023-04-03,2023-04-04,1,flat,flat,0.1914296035241666,0.5835525886373989,0.22501780783843453,0.22501780783843453,-0.3585347807989644,False,True
Apple Inc.,2023-04-04,2023-04-05,1,down,flat,0.19888373788667962,0.5539672339002308,0.2471490282130893,0.2471490282130893,-0.3068182056871416,False,False
Apple Inc.,2023-04-05,2023-04-06,1,flat,flat,0.34927570037360933,0.43080261639679995,0.21992168322959083,0.34927570037360933,-0.08152691602319062,False,True
Apple Inc.,2023-04-06,2023-04-10,1,down,flat,0.2347026999694225,0.5048389385333392,0.26045836149723833,0.26045836149723833,-0.24438057703610083,False,False
Apple Inc.,2023-04-10,2023-04-11,1,flat,flat,0.32965040105794263,0.4250362781193711,0.24531332082268625,0.32965040105794263,-0.09538587706142848,False,True
Apple Inc.,2023-04-11,2023-04-12,1,flat,flat,0.24117705341468812,0.49689706922285093,0.261925877362461,0.261925877362461,-0.23497119186038995,False,True
Apple Inc.,2023-04-12,2023-04-13,1,up,flat,0.310054482760587,0.4338299374856809,0.2561155797537322,0.310054482760587,-0.12377545472509388,False,False
Apple Inc.,2023-04-13,2023-04-14,1,flat,flat,0.1948893895428856,0.4528440582893244,0.3522665521677899,0.3522665521677899,-0.10057750612153449,False,True
Apple Inc.,2023-04-14,2023-04-17,1,flat,flat,0.1823404336217367,0.6089880550193085,0.20867151135895468,0.20867151135895468,-0.40031654366035385,False,True
Apple Inc.,2023-04-17,2023-04-18,1,flat,flat,0.24191075034207465,0.5116804491874946,0.24640880047043057,0.24640880047043057,-0.265271648717064,False,True
Apple Inc.,2023-04-18,2023-04-19,1,flat,flat,0.19246239457596231,0.5212518059315467,0.2862857994924909,0.2862857994924909,-0.23496600643905585,False,True
Apple Inc.,2023-04-19,2023-04-20,1,flat,flat,0.19752752548734176,0.5337606391799574,0.2687118353327008,0.2687118353327008,-0.2650488038472566,False,True
Apple Inc.,2023-04-20,2023-04-21,1,flat,flat,0.25664161523147083,0.4644716227220048,0.2788867620465243,0.2788867620465243,-0.18558486067548052,False,True
Apple Inc.,2023-04-21,2023-04-24,1,flat,flat,0.3117686197722612,0.3880998328277021,0.30013154740003667,0.3117686197722612,-0.07633121305544088,False,True
Apple Inc.,2023-04-24,2023-04-25,1,flat,flat,0.21766582872235848,0.5080697758331831,0.2742643954444584,0.2742643954444584,-0.23380538038872473,False,True
Apple Inc.,2023-04-25,2023-04-26,1,flat,flat,0.26236917475898336,0.43881784861440026,0.2988129766266163,0.2988129766266163,-0.14000487198778394,False,True
Apple Inc.,2023-04-26,2023-04-27,1,up,flat,0.2980534315725864,0.453777283406287,0.24816928502112662,0.2980534315725864,-0.15572385183370058,False,False
Apple Inc.,2023-04-27,2023-04-28,1,up,flat,0.19047767986129532,0.4280596200251441,0.38146270011356076,0.38146270011356076,-0.04659691991158332,False,False
Apple Inc.,2023-04-28,2023-05-01,1,flat,flat,0.20661645492057668,0.510434013297449,0.28294953178197446,0.28294953178197446,-0.2274844815154745,False,True
Apple Inc.,2023-05-01,2023-05-02,1,flat,flat,0.24875639923325218,0.4951085946692748,0.2561350060974729,0.2561350060974729,-0.2389735885718019,False,True
Apple Inc.,2023-05-02,2023-05-03,1,flat,flat,0.2536197212198623,0.47384247887658715,0.27253779990355037,0.27253779990355037,-0.20130467897303678,False,True
Apple Inc.,2023-05-03,2023-05-04,1,down,up,0.2553388295055803,0.3344450135721969,0.41021615692222274,0.41021615692222274,0.07577114335002583,True,False
Apple Inc.,2023-05-04,2023-05-05,1,up,up,0.3419437129244295,0.30970015378351834,0.34835613329205206,0.34835613329205206,0.03865597950853372,True,True
Apple Inc.,2023-05-05,2023-05-08,1,flat,up,0.12836142043288698,0.3979659521938399,0.473672627373273,0.473672627373273,0.07570667517943308,True,False
Apple Inc.,2023-05-08,2023-05-09,1,flat,flat,0.21702394662006055,0.5937984054109496,0.18917764796898984,0.21702394662006055,-0.3767744587908891,False,True
Apple Inc.,2023-05-09,2023-05-10,1,flat,flat,0.2671611995834497,0.5380313581809179,0.1948074422356325,0.2671611995834497,-0.27087015859746816,False,True
Apple Inc.,2023-05-10,2023-05-11,1,flat,flat,0.20765531785282182,0.5166361745702657,0.2757085075769123,0.2757085075769123,-0.24092766699335338,False,True
Apple Inc.,2023-05-11,2023-05-12,1,flat,flat,0.18649299036857675,0.5399708881439188,0.27353612148750417,0.27353612148750417,-0.26643476665641463,False,True
Apple Inc.,2023-05-12,2023-05-15,1,flat,flat,0.2561861468153073,0.5332318655819032,0.21058198760278954,0.2561861468153073,-0.27704571876659584,False,True
Apple Inc.,2023-05-15,2023-05-16,1,flat,flat,0.20101136844634304,0.5606305194578807,0.23835811209577634,0.23835811209577634,-0.32227240736210433,False,True
Apple Inc.,2023-05-16,2023-05-17,1,flat,flat,0.24960410720048207,0.5117141309195271,0.23868176187999088,0.24960410720048207,-0.262110023719045,False,True
Apple Inc.,2023-05-17,2023-05-18,1,up,flat,0.23364309778118325,0.4161308859212667,0.3502260162975498,0.3502260162975498,-0.06590486962371689,False,False
Apple Inc.,2023-05-18,2023-05-19,1,up,flat,0.1892830199247344,0.4697779400244637,0.340939040050802,0.340939040050802,-0.1288388999736617,False,False
Apple Inc.,2023-05-19,2023-05-22,1,down,flat,0.1790604847561959,0.5575296234036163,0.26340989184018787,0.26340989184018787,-0.29411973156342847,False,False
Apple Inc.,2023-05-22,2023-05-23,1,down,flat,0.3069005951004137,0.47887033166577386,0.21422907323381266,0.3069005951004137,-0.1719697365653602,False,False
Apple Inc.,2023-05-23,2023-05-24,1,flat,flat,0.29530997110392215,0.41214007426307125,0.29254995463300665,0.29530997110392215,-0.1168301031591491,False,True
Apple Inc.,2023-05-24,2023-05-25,1,flat,flat,0.20975712358466672,0.49103927241049283,0.2992036040048405,0.2992036040048405,-0.19183566840565236,False,True
Apple Inc.,2023-05-25,2023-05-26,1,up,flat,0.1773315048839788,0.46983130484251256,0.35283719027350846,0.35283719027350846,-0.1169941145690041,False,False
Apple Inc.,2023-05-26,2023-05-30,1,up,flat,0.1614458230548263,0.5488283437183705,0.289725833226803,0.289725833226803,-0.2591025104915675,False,False
Apple Inc.,2023-05-30,2023-05-31,1,flat,flat,0.15532754746533295,0.5246118384517144,0.3200606140829527,0.3200606140829527,-0.20455122436876172,False,True
Apple Inc.,2023-05-31,2023-06-01,1,flat,up,0.2792537106568287,0.3152674738168635,0.4054788155263078,0.4054788155263078,0.09021134170944434,True,False
Apple Inc.,2023-06-01,2023-06-02,1,up,flat,0.183731012510192,0.47129099486484216,0.3449779926249657,0.3449779926249657,-0.12631300223987646,False,False
Apple Inc.,2023-06-02,2023-06-05,1,flat,flat,0.16932578661190978,0.4882867412417953,0.34238747214629506,0.34238747214629506,-0.14589926909550022,False,True
Apple Inc.,2023-06-05,2023-06-06,1,down,up,0.283049721111134,0.3070117051730464,0.40993857371581943,0.40993857371581943,0.10292686854277305,True,False
Apple Inc.,2023-06-06,2023-06-07,1,flat,flat,0.3231253450916688,0.40827782086532305,0.2685968340430082,0.3231253450916688,-0.08515247577365426,False,True
Apple Inc.,2023-06-07,2023-06-08,1,flat,flat,0.25910776523329804,0.4406474717668629,0.30024476299983915,0.30024476299983915,-0.14040270876702377,False,True
Apple Inc.,2023-06-08,2023-06-09,1,up,flat,0.20254882798898488,0.5399288864464413,0.2575222855645737,0.2575222855645737,-0.28240660088186764,False,False
Apple Inc.,2023-06-09,2023-06-12,1,flat,flat,0.1698508392561878,0.5918254121152304,0.2383237486285818,0.2383237486285818,-0.35350166348664863,False,True
Apple Inc.,2023-06-12,2023-06-13,1,flat,flat,0.2100941930281053,0.5747712239912177,0.21513458298067703,0.21513458298067703,-0.3596366410105407,False,True
Apple Inc.,2023-06-13,2023-06-14,1,flat,flat,0.2104154547660042,0.5500775276101253,0.23950701762387056,0.23950701762387056,-0.31057050998625474,False,True
Apple Inc.,2023-06-14,2023-06-15,1,flat,flat,0.21857359552578443,0.4871221229472129,0.2943042815270026,0.2943042815270026,-0.1928178414202103,False,True
Apple Inc.,2023-06-15,2023-06-16,1,flat,flat,0.19724648369168896,0.4707307158321479,0.33202280047616317,0.33202280047616317,-0.1387079153559847,False,True
Apple Inc.,2023-06-16,2023-06-20,1,flat,up,0.28035435973851813,0.33010159355968083,0.38954404670180093,0.38954404670180093,0.0594424531421201,True,False
Apple Inc.,2023-06-20,2023-06-21,1,flat,flat,0.2445643449143124,0.4873835711687942,0.2680520839168934,0.2680520839168934,-0.21933148725190083,False,True
Apple Inc.,2023-06-21,2023-06-22,1,flat,flat,0.2542113589520205,0.4771381677485139,0.2686504732994658,0.2686504732994658,-0.20848769444904813,False,True
Apple Inc.,2023-06-22,2023-06-23,1,flat,flat,0.1798420485930214,0.5378612088657522,0.2822967425412263,0.2822967425412263,-0.2555644663245259,False,True
Apple Inc.,2023-06-23,2023-06-26,1,flat,flat,0.20311179773131566,0.5328582169621127,0.2640299853065715,0.2640299853065715,-0.26882823165554115,False,True
Apple Inc.,2023-06-26,2023-06-27,1,flat,flat,0.21251474066298331,0.5009280667959348,0.2865571925410818,0.2865571925410818,-0.21437087425485302,False,True
Apple Inc.,2023-06-27,2023-06-28,1,up,flat,0.2029230943574371,0.5155138285198476,0.2815630771227152,0.2815630771227152,-0.2339507513971324,False,False
Apple Inc.,2023-06-28,2023-06-29,1,flat,flat,0.16189201392600497,0.5258391549135688,0.3122688311604262,0.3122688311604262,-0.2135703237531426,False,True
Apple Inc.,2023-06-29,2023-06-30,1,up,flat,0.18955813326796475,0.49698494757777173,0.3134569191542633,0.3134569191542633,-0.1835280284235084,False,False
Apple Inc.,2023-06-30,2023-07-03,1,flat,up,0.17623969866609923,0.33009245220796896,0.49366784912593176,0.49366784912593176,0.1635753969179628,True,False
Apple Inc.,2023-07-03,2023-07-05,1,down,flat,0.19114408437939326,0.4968957038347836,0.311960211785823,0.311960211785823,-0.1849354920489606,False,False
Apple Inc.,2023-07-05,2023-07-06,1,flat,flat,0.3150764830294793,0.3582107060842699,0.32671281088625076,0.32671281088625076,-0.031497895198019155,False,True
Apple Inc.,2023-07-06,2023-07-07,1,flat,flat,0.24009011636455121,0.4477616329317866,0.3121482507036624,0.3121482507036624,-0.1356133822281242,False,True
Apple Inc.,2023-07-07,2023-07-10,1,down,flat,0.201718573178872,0.48682033332686325,0.31146109349426454,0.31146109349426454,-0.1753592398325987,False,False
Apple Inc.,2023-07-10,2023-07-11,1,flat,flat,0.33679549340133164,0.34514116734450884,0.31806333925415947,0.33679549340133164,-0.008345673943177201,False,True
Apple Inc.,2023-07-11,2023-07-12,1,flat,flat,0.22401319680450466,0.47591033544025196,0.3000764677552435,0.3000764677552435,-0.17583386768500847,False,True
Apple Inc.,2023-07-12,2023-07-13,1,flat,flat,0.22217714866123878,0.41950683254518617,0.3583160187935748,0.3583160187935748,-0.061190813751611395,False,True
Apple Inc.,2023-07-13,2023-07-14,1,flat,flat,0.18280323676838164,0.543923871774694,0.2732728914569241,0.2732728914569241,-0.2706509803177699,False,True
Apple Inc.,2023-07-14,2023-07-17,1,up,flat,0.22527216384723492,0.4751155002864791,0.2996123358662859,0.2996123358662859,-0.1755031644201932,False,False
Apple Inc.,2023-07-17,2023-07-18,1,flat,flat,0.16464698180500653,0.4791198878796542,0.35623313031533915,0.35623313031533915,-0.12288675756431505,False,True
Apple Inc.,2023-07-18,2023-07-19,1,flat,flat,0.21508068645965678,0.47834195583306294,0.30657735770728023,0.30657735770728023,-0.1717645981257827,False,True
Apple Inc.,2023-07-19,2023-07-20,1,flat,up,0.23696633523752492,0.32677644844931564,0.4362572163131592,0.4362572163131592,0.10948076786384359,True,False
Apple Inc.,2023-07-20,2023-07-21,1,flat,flat,0.27632897027969305,0.40659219290619225,0.3170788368141147,0.3170788368141147,-0.08951335609207756,False,True
Apple Inc.,2023-07-21,2023-07-24,1,flat,up,0.3184452698337723,0.3281091673755919,0.35344556279063566,0.35344556279063566,0.025336395415043733,True,False
Apple Inc.,2023-07-24,2023-07-25,1,flat,flat,0.18299088031511962,0.5108429564662141,0.3061661632186661,0.3061661632186661,-0.20467679324754806,False,True
Apple Inc.,2023-07-25,2023-07-26,1,flat,flat,0.19959651707757314,0.5264788631519384,0.27392461977048843,0.27392461977048843,-0.25255424338144994,False,True
Apple Inc.,2023-07-26,2023-07-27,1,flat,flat,0.2351678009334169,0.4969738495074706,0.2678583495591124,0.2678583495591124,-0.22911549994835817,False,True
Apple Inc.,2023-07-27,2023-07-28,1,flat,flat,0.21552224625662175,0.5261595387747869,0.2583182149685913,0.2583182149685913,-0.26784132380619563,False,True
Apple Inc.,2023-07-28,2023-07-31,1,flat,flat,0.22487419909757203,0.5098452682301398,0.26528053267228824,0.26528053267228824,-0.24456473555785152,False,True
Apple Inc.,2023-07-31,2023-08-01,1,flat,flat,0.1863327998302326,0.5208721629037127,0.2927950372660545,0.2927950372660545,-0.22807712563765825,False,True
Apple Inc.,2023-08-01,2023-08-02,1,down,flat,0.22576371128707795,0.4627632647324923,0.3114730239804298,0.3114730239804298,-0.1512902407520625,False,False
Apple Inc.,2023-08-02,2023-08-03,1,down,flat,0.33732402045480925,0.3478503796249461,0.31482559992024445,0.33732402045480925,-0.010526359170136834,False,False
Apple Inc.,2023-08-03,2023-08-04,1,down,up,0.30987989290212803,0.32441552688392283,0.365704580213949,0.365704580213949,0.04128905333002619,True,False
Apple Inc.,2023-08-04,2023-08-07,1,down,down,0.40374570648109503,0.31434402919010906,0.28191026432879585,0.40374570648109503,0.08940167729098597,True,True
Apple Inc.,2023-08-07,2023-08-08,1,flat,flat,0.2593557605982519,0.3735173328831904,0.36712690651855784,0.36712690651855784,-0.006390426364632551,False,True
Apple Inc.,2023-08-08,2023-08-09,1,flat,flat,0.20758576749129307,0.4146154426155886,0.3777987898931181,0.3777987898931181,-0.03681665272247048,False,True
Apple Inc.,2023-08-09,2023-08-10,1,flat,flat,0.2554253884783053,0.4016070163020201,0.34296759521967446,0.34296759521967446,-0.058639421082345655,False,True
Apple Inc.,2023-08-10,2023-08-11,1,flat,flat,0.26506858608513506,0.4052922158472112,0.3296391980676535,0.3296391980676535,-0.07565301777955769,False,True
Apple Inc.,2023-08-11,2023-08-14,1,flat,flat,0.2863148482304368,0.36300816464859637,0.3506769871209666,0.3506769871209666,-0.012331177527629744,False,True
Apple Inc.,2023-08-14,2023-08-15,1,flat,flat,0.22665243317596329,0.4189800564670181,0.3543675103570185,0.3543675103570185,-0.06461254610999956,False,True
Apple Inc.,2023-08-15,2023-08-16,1,flat,flat,0.2408121073677862,0.39421682078856957,0.36497107184364413,0.36497107184364413,-0.02924574894492543,False,True
Apple Inc.,2023-08-16,2023-08-17,1,down,flat,0.2834633298769976,0.3610450073651933,0.355491662757809,0.355491662757809,-0.00555334460738427,False,False
Apple Inc.,2023-08-17,2023-08-18,1,down,up,0.29013935457006457,0.30087150647264127,0.40898913895729383,0.40898913895729383,0.10811763248465256,True,False
Apple Inc.,2023-08-18,2023-08-21,1,flat,up,0.29217108900634053,0.33647296432849516,0.37135594666516425,0.37135594666516425,0.03488298233666909,True,False
Apple Inc.,2023-08-21,2023-08-22,1,flat,flat,0.21102436459284651,0.435829247921764,0.3531463874853894,0.3531463874853894,-0.08268286043637457,False,True
Apple Inc.,2023-08-22,2023-08-23,1,up,flat,0.20148693672516305,0.49960382174315954,0.29890924153167725,0.29890924153167725,-0.2006945802114823,False,False
Apple Inc.,2023-08-23,2023-08-24,1,flat,flat,0.22968457891057587,0.4304328204445502,0.3398826006448739,0.3398826006448739,-0.09055021979967631,False,True
Apple Inc.,2023-08-24,2023-08-25,1,flat,down,0.373617855050489,0.34769248222598026,0.27868966272353074,0.373617855050489,0.02592537282450874,True,False
Apple Inc.,2023-08-25,2023-08-28,1,up,flat,0.28248778243567735,0.3914916429865155,0.3260205745778072,0.3260205745778072,-0.06547106840870831,False,False
Apple Inc.,2023-08-28,2023-08-29,1,up,flat,0.18005808336637227,0.4834733763739679,0.33646854025965967,0.33646854025965967,-0.14700483611430826,False,False
Apple Inc.,2023-08-29,2023-08-30,1,up,flat,0.2000648562705502,0.5023510016372241,0.2975841420922255,0.2975841420922255,-0.20476685954499863,False,False
Apple Inc.,2023-08-30,2023-08-31,1,flat,flat,0.18548507721072172,0.5169353549741491,0.29757956781512895,0.29757956781512895,-0.21935578715902015,False,True
Apple Inc.,2023-08-31,2023-09-01,1,flat,flat,0.23889963699057865,0.5186784315805268,0.24242193142889445,0.24242193142889445,-0.2762565001516324,False,True
Apple Inc.,2023-09-01,2023-09-05,1,flat,flat,0.20988402585970906,0.5617951567242077,0.22832081741608323,0.22832081741608323,-0.3334743393081244,False,True
Apple Inc.,2023-09-05,2023-09-06,1,down,flat,0.251600426189776,0.4917272148123431,0.2566723589978809,0.2566723589978809,-0.23505485581446223,False,False
Apple Inc.,2023-09-06,2023-09-07,1,down,down,0.4035850699714145,0.31812459769737184,0.27829033233121353,0.4035850699714145,0.08546047227404269,True,True
Apple Inc.,2023-09-07,2023-09-08,1,up,down,0.4431230301369627,0.3275746475737371,0.22930232228929998,0.4431230301369627,0.11554838256322558,True,False
Apple Inc.,2023-09-08,2023-09-11,1,flat,flat,0.14981914107598002,0.5522233207094664,0.2979575382145533,0.2979575382145533,-0.25426578249491316,False,True
Apple Inc.,2023-09-11,2023-09-12,1,flat,flat,0.2743867920524661,0.5002555260489645,0.2253576818985693,0.2743867920524661,-0.22586873399649843,False,True
Apple Inc.,2023-09-12,2023-09-13,1,down,down,0.39581027539755287,0.3612003001527564,0.24298942444969057,0.39581027539755287,0.034609975244796476,True,True
Apple Inc.,2023-09-13,2023-09-14,1,flat,flat,0.3350358794052543,0.3834777580574317,0.28148636253731374,0.3350358794052543,-0.04844187865217736,False,True
Apple Inc.,2023-09-14,2023-09-15,1,flat,flat,0.2515649368815508,0.4342745146376428,0.3141605484808065,0.3141605484808065,-0.12011396615683628,False,True
Apple Inc.,2023-09-15,2023-09-18,1,flat,up,0.2499474862328036,0.3342520142821501,0.41580049948504616,0.41580049948504616,0.08154848520289604,True,False
Apple Inc.,2023-09-18,2023-09-19,1,flat,flat,0.20276138474990738,0.5240307984597694,0.273207816790323,0.273207816790323,-0.2508229816694464,False,True
Apple Inc.,2023-09-19,2023-09-20,1,flat,flat,0.23811320627456084,0.5712069041093821,0.1906798896160567,0.23811320627456084,-0.3330936978348213,False,True
Apple Inc.,2023-09-20,2023-09-21,1,down,flat,0.3457562901244392,0.4209656213845019,0.2332780884910589,0.3457562901244392,-0.07520933126006268,False,False
Apple Inc.,2023-09-21,2023-09-22,1,flat,flat,0.3723580503557312,0.37276701105824395,0.2548749385860248,0.3723580503557312,-0.0004089607025127284,False,True
Apple Inc.,2023-09-22,2023-09-25,1,flat,flat,0.2188370501309937,0.5000671745909058,0.28109577527810037,0.28109577527810037,-0.2189713993128054,False,True
Apple Inc.,2023-09-25,2023-09-26,1,flat,flat,0.25067745337280556,0.5032036605151304,0.2461188861120638,0.25067745337280556,-0.2525262071423249,False,True
Apple Inc.,2023-09-26,2023-09-27,1,down,flat,0.3751862900747853,0.3800387540384257,0.24477495588678877,0.3751862900747853,-0.004852463963640363,False,False
Apple Inc.,2023-09-27,2023-09-28,1,flat,flat,0.34484157613790456,0.37294556424363506,0.2822128596184604,0.34484157613790456,-0.028103988105730504,False,True
Apple Inc.,2023-09-28,2023-09-29,1,flat,flat,0.27014244703604007,0.413677021850697,0.3161805311132628,0.3161805311132628,-0.09749649073743422,False,True
Apple Inc.,2023-09-29,2023-10-02,1,flat,flat,0.21207500639874816,0.4717794460841256,0.31614554751712615,0.31614554751712615,-0.15563389856699944,False,True
Apple Inc.,2023-10-02,2023-10-03,1,flat,flat,0.26144051015745207,0.487449289874603,0.2511101999679448,0.26144051015745207,-0.22600877971715094,False,True
Apple Inc.,2023-10-03,2023-10-04,1,flat,flat,0.28961451118591264,0.48656751571004636,0.22381797310404095,0.28961451118591264,-0.19695300452413372,False,True
Apple Inc.,2023-10-04,2023-10-05,1,flat,flat,0.2718058816402007,0.4810795638174914,0.247114554542308,0.2718058816402007,-0.2092736821772907,False,True
Apple Inc.,2023-10-05,2023-10-06,1,flat,flat,0.22243748215237721,0.51882969854235,0.25873281930527275,0.25873281930527275,-0.2600968792370772,False,True
Apple Inc.,2023-10-06,2023-10-09,1,flat,flat,0.24753117314712703,0.5132315762046319,0.23923725064824092,0.24753117314712703,-0.26570040305750486,False,True
Apple Inc.,2023-10-09,2023-10-10,1,flat,flat,0.21624917174985717,0.5812692566265111,0.20248157162363187,0.21624917174985717,-0.36502008487665394,False,True
Apple Inc.,2023-10-10,2023-10-11,1,flat,flat,0.23699833109546237,0.5498983942445408,0.2131032746599969,0.23699833109546237,-0.3129000631490784,False,True
Apple Inc.,2023-10-11,2023-10-12,1,flat,flat,0.24094089501206015,0.5227260627601893,0.2363330422277505,0.24094089501206015,-0.2817851677481291,False,True
Apple Inc.,2023-10-12,2023-10-13,1,flat,flat,0.21105841397636627,0.5188978759708568,0.27004371005277683,0.27004371005277683,-0.24885416591807996,False,True
Apple Inc.,2023-10-13,2023-10-16,1,down,flat,0.29357611236659664,0.49086306398467094,0.2155608236487322,0.29357611236659664,-0.1972869516180743,False,False
Apple Inc.,2023-10-16,2023-10-17,1,flat,flat,0.3735844342529392,0.41718010052958154,0.20923546521747932,0.3735844342529392,-0.04359566627664235,False,True
Apple Inc.,2023-10-17,2023-10-18,1,flat,flat,0.31698287772921097,0.37476467437218375,0.3082524478986053,0.31698287772921097,-0.05778179664297278,False,True
Apple Inc.,2023-10-18,2023-10-19,1,flat,flat,0.2942675509389574,0.40872916393863906,0.29700328512240354,0.29700328512240354,-0.11172587881623552,False,True
Apple Inc.,2023-10-19,2023-10-20,1,down,flat,0.3004126771422089,0.401281952186041,0.2983053706717501,0.3004126771422089,-0.10086927504383214,False,False
Apple Inc.,2023-10-20,2023-10-23,1,down,down,0.3595866502176278,0.33924761935724634,0.3011657304251257,0.3595866502176278,0.02033903086038147,True,True
Apple Inc.,2023-10-23,2023-10-24,1,flat,flat,0.349260538933851,0.37664703461330584,0.27409242645284293,0.349260538933851,-0.027386495679454836,False,True
Apple Inc.,2023-10-24,2023-10-25,1,flat,flat,0.2524565882940346,0.447420305925651,0.3001231057803143,0.3001231057803143,-0.1472972001453367,False,True
Apple Inc.,2023-10-25,2023-10-26,1,down,down,0.35957340321885123,0.33021361555671236,0.31021298122443636,0.35957340321885123,0.02935978766213887,True,True
Apple Inc.,2023-10-26,2023-10-27,1,flat,down,0.38380466324523527,0.3086659942305198,0.3075293425242448,0.38380466324523527,0.07513866901471544,True,False
Apple Inc.,2023-10-27,2023-10-30,1,up,flat,0.2756442626017771,0.3645321937406973,0.3598235436575256,0.3598235436575256,-0.004708650083171673,False,False
Apple Inc.,2023-10-30,2023-10-31,1,flat,flat,0.22228148869660713,0.4383489363781652,0.33936957492522746,0.33936957492522746,-0.09897936145293773,False,True
Apple Inc.,2023-10-31,2023-11-01,1,up,flat,0.3013339019192073,0.43512111947895893,0.26354497860183373,0.3013339019192073,-0.13378721755975165,False,False
Apple Inc.,2023-11-01,2023-11-02,1,up,flat,0.23366507817919058,0.4314967534288069,0.3348381683920024,0.3348381683920024,-0.09665858503680447,False,False
Apple Inc.,2023-11-02,2023-11-03,1,flat,flat,0.1968870780546036,0.40257803019773547,0.4005348917476609,0.4005348917476609,-0.0020431384500745886,False,True
Apple Inc.,2023-11-03,2023-11-06,1,up,down,0.3958896760867241,0.3134996775913416,0.29061064632193423,0.3958896760867241,0.08238999849538248,True,False
Apple Inc.,2023-11-06,2023-11-07,1,up,flat,0.19682963086594857,0.4832094353961758,0.31996093373787576,0.31996093373787576,-0.16324850165830002,False,False
Apple Inc.,2023-11-07,2023-11-08,1,flat,flat,0.2315839612984898,0.43927354131179114,0.329142497389719,0.329142497389719,-0.11013104392207212,False,True
Apple Inc.,2023-11-08,2023-11-09,1,flat,flat,0.19367759744670615,0.5815376256686773,0.22478477688461643,0.22478477688461643,-0.3567528487840609,False,True
Apple Inc.,2023-11-09,2023-11-10,1,up,flat,0.2470222907712491,0.5219872188239831,0.23099049040476793,0.2470222907712491,-0.27496492805273404,False,False
Apple Inc.,2023-11-10,2023-11-13,1,flat,flat,0.2187390196416727,0.4844141713841254,0.2968468089742018,0.2968468089742018,-0.1875673624099236,False,True
Apple Inc.,2023-11-13,2023-11-14,1,up,flat,0.22899196145436446,0.5396753864567666,0.23133265208886877,0.23133265208886877,-0.30834273436789783,False,False
Apple Inc.,2023-11-14,2023-11-15,1,flat,flat,0.20893922406461102,0.47757876766256846,0.3134820082728203,0.3134820082728203,-0.16409675938974816,False,True
Apple Inc.,2023-11-15,2023-11-16,1,flat,flat,0.21653998245479789,0.5677064992233455,0.2157535183218566,0.21653998245479789,-0.3511665167685476,False,True
Apple Inc.,2023-11-16,2023-11-17,1,flat,flat,0.18880658187541857,0.5867204213632162,0.2244729967613654,0.2244729967613654,-0.36224742460185083,False,True
Apple Inc.,2023-11-17,2023-11-20,1,flat,flat,0.24798605610256705,0.4942588646144071,0.25775507928302577,0.25775507928302577,-0.23650378533138133,False,True
Apple Inc.,2023-11-20,2023-11-21,1,flat,flat,0.17875644298113966,0.5627434993469789,0.2585000576718815,0.2585000576718815,-0.30424344167509737,False,True
Apple Inc.,2023-11-21,2023-11-22,1,flat,flat,0.2147918384295222,0.496703399963334,0.2885047616071436,0.2885047616071436,-0.2081986383561904,False,True
Apple Inc.,2023-11-22,2023-11-24,1,down,flat,0.1742388530695085,0.5327156256788842,0.29304552125160716,0.29304552125160716,-0.23967010442727704,False,False
Apple Inc.,2023-11-24,2023-11-27,1,flat,flat,0.2397106812605878,0.49571436691155346,0.2645749518278587,0.2645749518278587,-0.2311394150836948,False,True
Apple Inc.,2023-11-27,2023-11-28,1,flat,flat,0.2262902955456963,0.4150909870005738,0.35861871745372986,0.35861871745372986,-0.05647226954684392,False,True
Apple Inc.,2023-11-28,2023-11-29,1,flat,flat,0.16829720420674393,0.517347025886633,0.31435576990662306,0.31435576990662306,-0.2029912559800099,False,True
Apple Inc.,2023-11-29,2023-11-30,1,flat,flat,0.18530737688485657,0.4929645990237883,0.32172802409135526,0.32172802409135526,-0.17123657493243305,False,True
Apple Inc.,2023-11-30,2023-12-01,1,flat,flat,0.25101602525323585,0.43166327540469424,0.31732069934206975,0.31732069934206975,-0.11434257606262449,False,True
Apple Inc.,2023-12-01,2023-12-04,1,down,flat,0.15466191133305218,0.5131104004938161,0.3322276881731317,0.3322276881731317,-0.18088271232068437,False,False
Apple Inc.,2023-12-04,2023-12-05,1,up,flat,0.2576232934667339,0.4277889323876868,0.3145877741455793,0.3145877741455793,-0.11320115824210747,False,False
Apple Inc.,2023-12-05,2023-12-06,1,flat,up,0.17627695256983816,0.3401095057548126,0.48361354167534887,0.48361354167534887,0.1435040359205363,True,False
Apple Inc.,2023-12-06,2023-12-07,1,flat,flat,0.15216710935307382,0.5457797856213678,0.3020531050255582,0.3020531050255582,-0.24372668059580954,False,True
Apple Inc.,2023-12-07,2023-12-08,1,flat,flat,0.20944772722326638,0.46587508234685604,0.32467719042987764,0.32467719042987764,-0.1411978919169784,False,True
Apple Inc.,2023-12-08,2023-12-11,1,down,flat,0.21009606088326885,0.40679376001217793,0.38311017910455314,0.38311017910455314,-0.02368358090762479,False,False
Apple Inc.,2023-12-11,2023-12-12,1,flat,up,0.32145454485280694,0.30645115062682904,0.37209430452036396,0.37209430452036396,0.06564315389353492,True,False
Apple Inc.,2023-12-12,2023-12-13,1,up,flat,0.20954001240305037,0.4378104116516036,0.352649575945346,0.352649575945346,-0.0851608357062576,False,False
Apple Inc.,2023-12-13,2023-12-14,1,flat,up,0.20460115556431827,0.3680710472762087,0.4273277971594729,0.4273277971594729,0.05925674988326418,True,False
Apple Inc.,2023-12-14,2023-12-15,1,flat,flat,0.24415519817248146,0.4614687357841236,0.2943760660433949,0.2943760660433949,-0.16709266974072873,False,True
Apple Inc.,2023-12-15,2023-12-18,1,down,up,0.31195109465041293,0.23803268513946238,0.4500162202101249,0.4500162202101249,0.2119835350706625,True,False
Apple Inc.,2023-12-18,2023-12-19,1,flat,flat,0.28673699074162007,0.40462766197776606,0.3086353472806139,0.3086353472806139,-0.09599231469715214,False,True
Apple Inc.,2023-12-19,2023-12-20,1,flat,flat,0.17734093565923598,0.5020178496935628,0.32064121464720113,0.32064121464720113,-0.18137663504636165,False,True
Apple Inc.,2023-12-20,2023-12-21,1,flat,flat,0.2451354593807552,0.42347649864923037,0.3313880419700142,0.3313880419700142,-0.09208845667921617,False,True
Apple Inc.,2023-12-21,2023-12-22,1,flat,flat,0.2619465889930713,0.47957356651944694,0.2584798444874815,0.2619465889930713,-0.2176269775263756,False,True
Apple Inc.,2023-12-22,2023-12-26,1,flat,flat,0.2596417073565772,0.4782471453350905,0.2621111473083324,0.2621111473083324,-0.2161359980267581,False,True
Apple Inc.,2023-12-26,2023-12-27,1,flat,flat,0.23435603103694636,0.4705232380773595,0.2951207308856941,0.2951207308856941,-0.1754025071916654,False,True
Apple Inc.,2023-12-27,2023-12-28,1,flat,flat,0.2939880247486726,0.36981200881978726,0.33619996643154004,0.33619996643154004,-0.03361204238824722,False,True
Apple Inc.,2023-12-28,2023-12-29,1,flat,flat,0.21125045391148295,0.49016038574811516,0.29858916034040184,0.29858916034040184,-0.19157122540771332,False,True
Apple Inc.,2023-12-29,2024-01-02,1,down,flat,0.2875965103945608,0.409306755493137,0.30309673411230215,0.30309673411230215,-0.10621002138083485,False,False
Apple Inc.,2024-01-02,2024-01-03,1,down,down,0.41132821695444427,0.2990923352198512,0.2895794478257044,0.41132821695444427,0.11223588173459309,True,True
Apple Inc.,2024-01-03,2024-01-04,1,down,up,0.2152135699487081,0.392200100856207,0.39258632919508485,0.39258632919508485,0.0003862283388778587,True,False
Apple Inc.,2024-01-04,2024-01-05,1,flat,up,0.22142538725069044,0.350049531420689,0.42852508132862044,0.42852508132862044,0.07847554990793143,True,False
Apple Inc.,2024-01-05,2024-01-08,1,up,up,0.22938378815462024,0.37239249450802087,0.39822371733735873,0.39822371733735873,0.025831222829337863,True,True
Apple Inc.,2024-01-08,2024-01-09,1,flat,flat,0.2169918226385386,0.42207576102066613,0.3609324163407951,0.3609324163407951,-0.06114334467987104,False,True
Apple Inc.,2024-01-09,2024-01-10,1,flat,flat,0.2397681355931789,0.46831458341643095,0.29191728099039005,0.29191728099039005,-0.1763973024260409,False,True
Apple Inc.,2024-01-10,2024-01-11,1,flat,flat,0.21321298962689383,0.46222412781773975,0.3245628825553662,0.3245628825553662,-0.13766124526237355,False,True
Apple Inc.,2024-01-11,2024-01-12,1,flat,flat,0.20966562282656798,0.43984046155998013,0.3504939156134519,0.3504939156134519,-0.08934654594652824,False,True
Apple Inc.,2024-01-12,2024-01-16,1,down,flat,0.22387707486730185,0.4432372496779913,0.33288567545470676,0.33288567545470676,-0.11035157422328451,False,False
Apple Inc.,2024-01-16,2024-01-17,1,flat,down,0.3425205477759586,0.3153375226617631,0.34214192956227807,0.3425205477759586,0.027183025114195458,True,False
Apple Inc.,2024-01-17,2024-01-18,1,up,flat,0.25170635018854215,0.4078214792314081,0.34047217058004964,0.34047217058004964,-0.06734930865135846,False,False
Apple Inc.,2024-01-18,2024-01-19,1,up,up,0.15928410890957426,0.3628065166536683,0.4779093744367572,0.4779093744367572,0.11510285778308887,True,True
Apple Inc.,2024-01-19,2024-01-22,1,up,flat,0.24804678723032703,0.4701985730548562,0.28175463971481673,0.28175463971481673,-0.18844393334003945,False,False
Apple Inc.,2024-01-22,2024-01-23,1,flat,flat,0.23579286587542292,0.4988022713126311,0.26540486281194586,0.26540486281194586,-0.23339740850068524,False,True
Apple Inc.,2024-01-23,2024-01-24,1,flat,flat,0.18432452679314093,0.5584673617522325,0.2572081114546265,0.2572081114546265,-0.30125925029760603,False,True
Apple Inc.,2024-01-24,2024-01-25,1,flat,flat,0.2497875072598133,0.4304665246517444,0.31974596808844225,0.31974596808844225,-0.11072055656330215,False,True
Apple Inc.,2024-01-25,2024-01-26,1,flat,flat,0.2516977174890873,0.461971092106013,0.2863311904048996,0.2863311904048996,-0.17563990170111338,False,True
Apple Inc.,2024-01-26,2024-01-29,1,down,flat,0.25311614282262135,0.5213903746236441,0.22549348255373441,0.25311614282262135,-0.2682742318010228,False,False
Apple Inc.,2024-01-29,2024-01-30,1,down,flat,0.31097539686326536,0.4499419634899313,0.23908263964680337,0.31097539686326536,-0.13896656662666595,False,False
Apple Inc.,2024-01-30,2024-01-31,1,down,flat,0.33212144575047675,0.4083734598509986,0.25950509439852465,0.33212144575047675,-0.07625201410052185,False,False
Apple Inc.,2024-01-31,2024-02-01,1,flat,flat,0.35951404725833813,0.39848163560110794,0.2420043171405539,0.35951404725833813,-0.03896758834276981,False,True
Apple Inc.,2024-02-01,2024-02-02,1,down,up,0.26149234935069976,0.36694164496712084,0.37156600568217923,0.37156600568217923,0.004624360715058395,True,False
Apple Inc.,2024-02-02,2024-02-05,1,up,up,0.3166367988879719,0.33345105733035857,0.34991214378166935,0.34991214378166935,0.01646108645131078,True,True
Apple Inc.,2024-02-05,2024-02-06,1,flat,flat,0.14457993609265807,0.515262397068553,0.34015766683878873,0.34015766683878873,-0.1751047302297643,False,True
Apple Inc.,2024-02-06,2024-02-07,1,flat,flat,0.23243628605242989,0.5567465423827943,0.21081717156477559,0.23243628605242989,-0.3243102563303644,False,True
Apple Inc.,2024-02-07,2024-02-08,1,flat,flat,0.2139476019468455,0.49823911744307703,0.2878132806100774,0.2878132806100774,-0.21042583683299965,False,True
Apple Inc.,2024-02-08,2024-02-09,1,flat,flat,0.27853623877578004,0.4727364825070426,0.2487272787171773,0.27853623877578004,-0.19420024373126255,False,True
Apple Inc.,2024-02-09,2024-02-12,1,flat,flat,0.21673290418518343,0.4693984351288736,0.31386866068594294,0.31386866068594294,-0.15552977444293065,False,True
Apple Inc.,2024-02-12,2024-02-13,1,down,flat,0.25743578062819306,0.47846672265896495,0.2640974967128421,0.2640974967128421,-0.21436922594612284,False,False
Apple Inc.,2024-02-13,2024-02-14,1,flat,flat,0.34912579757287177,0.35666893775956077,0.2942052646675675,0.34912579757287177,-0.007543140186689001,False,True
Apple Inc.,2024-02-14,2024-02-15,1,flat,flat,0.2757195328502398,0.41925428693914657,0.3050261802106137,0.3050261802106137,-0.1142281067285329,False,True
Apple Inc.,2024-02-15,2024-02-16,1,flat,up,0.2933525140559221,0.3387471974645392,0.3679002884795386,0.3679002884795386,0.02915309101499941,True,False
Apple Inc.,2024-02-16,2024-02-20,1,flat,flat,0.26342247776456684,0.44205427723605184,0.2945232449993811,0.2945232449993811,-0.14753103223667074,False,True
Apple Inc.,2024-02-20,2024-02-21,1,flat,flat,0.3458136624478346,0.3480371003640599,0.3061492371881054,0.3458136624478346,-0.002223437916225257,False,True
Apple Inc.,2024-02-21,2024-02-22,1,flat,flat,0.24298320014452213,0.46080064301574164,0.2962161568397362,0.2962161568397362,-0.16458448617600546,False,True
Apple Inc.,2024-02-22,2024-02-23,1,flat,flat,0.2279526659572885,0.4417717660248247,0.33027556801788666,0.33027556801788666,-0.11149619800693805,False,True
Apple Inc.,2024-02-23,2024-02-26,1,down,flat,0.258624291314577,0.45430587125027433,0.2870698374351486,0.2870698374351486,-0.16723603381512575,False,False
Apple Inc.,2024-02-26,2024-02-27,1,flat,flat,0.30938005746825936,0.4141763287011163,0.27644361383062427,0.30938005746825936,-0.10479627123285695,False,True
Apple Inc.,2024-02-27,2024-02-28,1,flat,up,0.2457625674522308,0.37695105548828,0.3772863770594891,0.3772863770594891,0.00033532157120907957,True,False
Apple Inc.,2024-02-28,2024-02-29,1,flat,flat,0.2456370713405922,0.4343401560704929,0.32002277258891476,0.32002277258891476,-0.11431738348157816,False,True
Apple Inc.,2024-02-29,2024-03-01,1,down,up,0.3153854355153326,0.2700185243232658,0.41459604016140134,0.41459604016140134,0.14457751583813555,True,False
Apple Inc.,2024-03-01,2024-03-04,1,down,flat,0.2720375774497004,0.3967992177689458,0.3311632047813536,0.3311632047813536,-0.0656360129875922,False,False
Apple Inc.,2024-03-04,2024-03-05,1,down,up,0.3416187105251091,0.3147537434556664,0.3436275460192243,0.3436275460192243,0.02887380256355787,True,False
Apple Inc.,2024-03-05,2024-03-06,1,flat,up,0.3196893239526758,0.31291686313561107,0.367393812911713,0.367393812911713,0.05447694977610196,True,False
Apple Inc.,2024-03-06,2024-03-07,1,flat,flat,0.19991339903681465,0.4092738578733001,0.3908127430898852,0.3908127430898852,-0.018461114783414945,False,True
Apple Inc.,2024-03-07,2024-03-08,1,flat,up,0.26081937794166543,0.35130421902217335,0.3878764030361611,0.3878764030361611,0.03657218401398776,True,False
Apple Inc.,2024-03-08,2024-03-11,1,up,flat,0.26796290079802454,0.3861356384184434,0.3459014607835318,0.3459014607835318,-0.040234177634911605,False,False
Apple Inc.,2024-03-11,2024-03-12,1,flat,flat,0.22279980662585658,0.480166110626714,0.29703408274742926,0.29703408274742926,-0.18313202787928473,False,True
Apple Inc.,2024-03-12,2024-03-13,1,flat,flat,0.3198554535887155,0.4015554160934779,0.27858913031780663,0.3198554535887155,-0.08169996250476241,False,True
Apple Inc.,2024-03-13,2024-03-14,1,flat,flat,0.323160888200067,0.392885531251551,0.28395358054838216,0.323160888200067,-0.06972464305148401,False,True
Apple Inc.,2024-03-14,2024-03-15,1,flat,up,0.2687961290689606,0.3630027110992866,0.3682011598317527,0.3682011598317527,0.00519844873246611,True,False
Apple Inc.,2024-03-15,2024-03-18,1,up,down,0.3625507962774921,0.2868160916673895,0.35063311205511827,0.3625507962774921,0.07573470461010262,True,False
Apple Inc.,2024-03-18,2024-03-19,1,flat,flat,0.19546375363450147,0.49147754409278077,0.3130587022727177,0.3130587022727177,-0.17841884182006307,False,True
Apple Inc.,2024-03-19,2024-03-20,1,flat,flat,0.2917731752227087,0.48173053736808735,0.22649628740920386,0.2917731752227087,-0.18995736214537867,False,True
Apple Inc.,2024-03-20,2024-03-21,1,down,flat,0.24241139388765431,0.5370122845450176,0.22057632156732798,0.24241139388765431,-0.2946008906573633,False,False
Apple Inc.,2024-03-21,2024-03-22,1,down,down,0.4409959251637458,0.3014880936336175,0.2575159812026366,0.4409959251637458,0.1395078315301283,True,True
Apple Inc.,2024-03-22,2024-03-25,1,flat,flat,0.32660398942123364,0.43199536399315097,0.2414006465856151,0.32660398942123364,-0.10539137457191733,False,True
Apple Inc.,2024-03-25,2024-03-26,1,flat,flat,0.27816614795857153,0.4458321972031696,0.27600165483825895,0.27816614795857153,-0.16766604924459805,False,True
Apple Inc.,2024-03-26,2024-03-27,1,flat,flat,0.29458011888732205,0.44943248284175186,0.25598739827092615,0.29458011888732205,-0.1548523639544298,False,True
Apple Inc.,2024-03-27,2024-03-28,1,flat,flat,0.26452107046298795,0.519297596056536,0.2161813334804759,0.26452107046298795,-0.2547765255935481,False,True
Apple Inc.,2024-03-28,2024-04-01,1,flat,flat,0.3362860279593578,0.44003499115374856,0.22367898088689367,0.3362860279593578,-0.10374896319439075,False,True
Apple Inc.,2024-04-01,2024-04-02,1,flat,flat,0.3231922466645785,0.4671027078143145,0.20970504552110705,0.3231922466645785,-0.143910461149736,False,True
Apple Inc.,2024-04-02,2024-04-03,1,flat,flat,0.32845644923494777,0.40598980213226754,0.26555374863278486,0.32845644923494777,-0.07753335289731977,False,True
Apple Inc.,2024-04-03,2024-04-04,1,flat,flat,0.2550529819546867,0.5017319369359763,0.24321508110933704,0.2550529819546867,-0.2466789549812896,False,True
Apple Inc.,2024-04-04,2024-04-05,1,flat,flat,0.289060627002265,0.47936430179780853,0.23157507119992654,0.289060627002265,-0.19030367479554355,False,True
Apple Inc.,2024-04-05,2024-04-08,1,flat,flat,0.3057973400683006,0.47047527412912893,0.22372738580257032,0.3057973400683006,-0.1646779340608283,False,True
Apple Inc.,2024-04-08,2024-04-09,1,flat,flat,0.31063951293163605,0.4454299473717932,0.2439305396965707,0.31063951293163605,-0.13479043444015715,False,True
Apple Inc.,2024-04-09,2024-04-10,1,flat,flat,0.254729755118177,0.49140736491017134,0.2538628799716515,0.254729755118177,-0.23667760979199431,False,True
Apple Inc.,2024-04-10,2024-04-11,1,up,flat,0.332210344629193,0.4008031950395633,0.26698646033124385,0.332210344629193,-0.06859285041037028,False,False
Apple Inc.,2024-04-11,2024-04-12,1,up,up,0.18771864449990494,0.3478816258887138,0.46439972961138104,0.46439972961138104,0.11651810372266724,True,True
Apple Inc.,2024-04-12,2024-04-15,1,down,flat,0.21466677311334792,0.42508368749786996,0.36024953938878207,0.36024953938878207,-0.06483414810908789,False,False
Apple Inc.,2024-04-15,2024-04-16,1,down,down,0.39517753005211687,0.355046271227504,0.24977619872037915,0.39517753005211687,0.04013125882461288,True,True
Apple Inc.,2024-04-16,2024-04-17,1,down,down,0.41699749371485706,0.3295451817858983,0.2534573244992447,0.41699749371485706,0.08745231192895875,True,True
Apple Inc.,2024-04-17,2024-04-18,1,flat,flat,0.27038294090697335,0.4258100457243625,0.3038070133686641,0.3038070133686641,-0.12200303235569837,False,True
Apple Inc.,2024-04-18,2024-04-19,1,down,flat,0.2838317084880935,0.4325950846859582,0.28357320682594833,0.2838317084880935,-0.14876337619786467,False,False
Apple Inc.,2024-04-19,2024-04-22,1,flat,flat,0.3397182995758293,0.38248366815255236,0.27779803227161837,0.3397182995758293,-0.042765368576723084,False,True
Apple Inc.,2024-04-22,2024-04-23,1,flat,flat,0.2571212984139176,0.5041357661845621,0.23874293540152017,0.2571212984139176,-0.2470144677706445,False,True
Apple Inc.,2024-04-23,2024-04-24,1,flat,flat,0.30455582608213216,0.4387105157411426,0.2567336581767252,0.30455582608213216,-0.13415468965901045,False,True
Apple Inc.,2024-04-24,2024-04-25,1,flat,flat,0.2349183992358833,0.5159450835470915,0.24913651721702504,0.24913651721702504,-0.26680856633006644,False,True
Apple Inc.,2024-04-25,2024-04-26,1,flat,flat,0.2283258082260008,0.5213484399533719,0.25032575182062733,0.25032575182062733,-0.27102268813274455,False,True
Apple Inc.,2024-04-26,2024-04-29,1,up,flat,0.25296843440720285,0.5182676972667324,0.22876386832606468,0.25296843440720285,-0.26529926285952954,False,False
Apple Inc.,2024-04-29,2024-04-30,1,down,flat,0.20303251247136617,0.41031545362519867,0.3866520339034351,0.3866520339034351,-0.023663419721763557,False,False
Apple Inc.,2024-04-30,2024-05-01,1,down,down,0.4200267062078896,0.3602912173548913,0.21968207643721913,0.4200267062078896,0.05973548885299834,True,True
Apple Inc.,2024-05-01,2024-05-02,1,up,flat,0.33573521421822206,0.45301090058713395,0.211253885194644,0.33573521421822206,-0.11727568636891189,False,False
Apple Inc.,2024-05-02,2024-05-03,1,up,up,0.2218487690403644,0.36720285613908543,0.4109483748205499,0.4109483748205499,0.04374551868146448,True,True
Apple Inc.,2024-05-03,2024-05-06,1,down,up,0.13035621326378716,0.36942963615500796,0.500214150581205,0.500214150581205,0.13078451442619704,True,False
Apple Inc.,2024-05-06,2024-05-07,1,flat,flat,0.4338715073286529,0.4398065102756462,0.126321982395701,0.4338715073286529,-0.00593500294699334,False,True
Apple Inc.,2024-05-07,2024-05-08,1,flat,flat,0.2800815580043167,0.5014416198450524,0.218476822150631,0.2800815580043167,-0.2213600618407357,False,True
Apple Inc.,2024-05-08,2024-05-09,1,flat,flat,0.21833725527179726,0.5632763228153232,0.21838642191287946,0.21838642191287946,-0.34488990090244376,False,True
Apple Inc.,2024-05-09,2024-05-10,1,flat,flat,0.19230161696570963,0.570866889914357,0.23683149311993323,0.23683149311993323,-0.33403539679442373,False,True
Apple Inc.,2024-05-10,2024-05-13,1,flat,flat,0.2006814643100251,0.6417944947292356,0.15752404096073933,0.2006814643100251,-0.44111303041921046,False,True
Apple Inc.,2024-05-13,2024-05-14,1,flat,flat,0.22800888158786362,0.5220625448018025,0.2499285736103341,0.2499285736103341,-0.27213397119146837,False,True
Apple Inc.,2024-05-14,2024-05-15,1,flat,flat,0.20002256268022978,0.641496902999416,0.15848053432035428,0.20002256268022978,-0.4414743403191862,False,True
Apple Inc.,2024-05-15,2024-05-16,1,flat,flat,0.25872459818658994,0.47688069897269525,0.2643947028407149,0.2643947028407149,-0.21248599613198033,False,True
Apple Inc.,2024-05-16,2024-05-17,1,flat,flat,0.17872339889320515,0.6323268052489632,0.18894979585783162,0.18894979585783162,-0.4433770093911316,False,True
Apple Inc.,2024-05-17,2024-05-20,1,flat,flat,0.2238915111601476,0.5604047298092426,0.2157037590306097,0.2238915111601476,-0.336513218649095,False,True
Apple Inc.,2024-05-20,2024-05-21,1,flat,flat,0.18713652552075696,0.563524753963088,0.24933872051615497,0.24933872051615497,-0.314186033446933,False,True
Apple Inc.,2024-05-21,2024-05-22,1,flat,flat,0.14963009578796493,0.5981759541034539,0.2521939501085811,0.2521939501085811,-0.34598200399487283,False,True
Apple Inc.,2024-05-22,2024-05-23,1,down,flat,0.21494352379159176,0.5548229143087209,0.2302335618996872,0.2302335618996872,-0.3245893524090337,False,False
Apple Inc.,2024-05-23,2024-05-24,1,flat,flat,0.294206156552414,0.429629713561136,0.27616412988645,0.294206156552414,-0.135423557008722,False,True
Apple Inc.,2024-05-24,2024-05-28,1,flat,flat,0.14786494962444463,0.5688864668537126,0.2832485835218428,0.2832485835218428,-0.2856378833318698,False,True
Apple Inc.,2024-05-28,2024-05-29,1,flat,up,0.2033759809348622,0.35264673710374367,0.4439772819613941,0.4439772819613941,0.09133054485765041,True,False
Apple Inc.,2024-05-29,2024-05-30,1,flat,flat,0.2576409204105834,0.3788491527091976,0.363509926880219,0.363509926880219,-0.01533922582897862,False,True
Apple Inc.,2024-05-30,2024-05-31,1,flat,flat,0.18950340447731628,0.4508915083244134,0.3596050871982703,0.3596050871982703,-0.0912864211261431,False,True
Apple Inc.,2024-05-31,2024-06-03,1,up,up,0.2506350410552027,0.3180769763512974,0.4312879825935001,0.4312879825935001,0.1132110062422027,True,True
Apple Inc.,2024-06-03,2024-06-04,1,flat,flat,0.18719030396164632,0.4380994476442861,0.37471024839406764,0.37471024839406764,-0.06338919925021846,False,True
Apple Inc.,2024-06-04,2024-06-05,1,flat,flat,0.22697244186407728,0.3984227104348403,0.37460484770108254,0.37460484770108254,-0.023817862733757744,False,True
Apple Inc.,2024-06-05,2024-06-06,1,flat,flat,0.21155113343513354,0.40098864497394815,0.3874602215909183,0.3874602215909183,-0.013528423383029842,False,True
Apple Inc.,2024-06-06,2024-06-07,1,flat,flat,0.2717585374998055,0.38133991141233736,0.3469015510878572,0.3469015510878572,-0.034438360324480166,False,True
Apple Inc.,2024-06-07,2024-06-10,1,flat,up,0.24440905938180574,0.3519018566424599,0.4036890839757343,0.4036890839757343,0.0517872273332744,True,False
Apple Inc.,2024-06-10,2024-06-11,1,up,flat,0.27206329190780854,0.379134413595162,0.3488022944970296,0.3488022944970296,-0.030332119098132382,False,False
Apple Inc.,2024-06-11,2024-06-12,1,up,up,0.17861321672836789,0.373642382136412,0.4477444011352202,0.4477444011352202,0.0741020189988082,True,True
Apple Inc.,2024-06-12,2024-06-13,1,flat,flat,0.2391448040950126,0.38202528261344587,0.3788299132915417,0.3788299132915417,-0.0031953693219041734,False,True
Apple Inc.,2024-06-13,2024-06-14,1,flat,flat,0.3179875042393341,0.5144103577372934,0.16760213802337254,0.3179875042393341,-0.1964228534979593,False,True
Apple Inc.,2024-06-14,2024-06-15,1,flat,flat,0.3173454988434385,0.49981962380165357,0.18283487735490805,0.3173454988434385,-0.18247412495821508,False,True
"Meta Platforms, Inc.",2022-01-20,2022-01-21,1,down,flat,0.22100885805618842,0.52607762873575,0.2529135132080615,0.2529135132080615,-0.27316411552768854,False,False
"Meta Platforms, Inc.",2022-01-21,2022-01-24,1,down,down,0.42949715421656515,0.3000416706075674,0.2704611751758673,0.42949715421656515,0.12945548360899772,True,True
"Meta Platforms, Inc.",2022-01-24,2022-01-25,1,flat,down,0.366274294453811,0.3182916910114435,0.3154340145347454,0.366274294453811,0.04798260344236749,True,False
"Meta Platforms, Inc.",2022-01-25,2022-01-26,1,flat,flat,0.12999697021243756,0.4643848787083248,0.40561815107923765,0.40561815107923765,-0.058766727629087134,False,True
"Meta Platforms, Inc.",2022-01-26,2022-01-27,1,flat,flat,0.15003260893815365,0.4564448647341039,0.3935225263277425,0.3935225263277425,-0.06292233840636141,False,True
"Meta Platforms, Inc.",2022-01-27,2022-01-28,1,flat,flat,0.19045469069363394,0.4641570386521035,0.3453882706542625,0.3453882706542625,-0.11876876799784103,False,True
"Meta Platforms, Inc.",2022-01-28,2022-01-31,1,up,flat,0.17362060397282592,0.4665219258466824,0.35985747018049175,0.35985747018049175,-0.10666445566619065,False,False
"Meta Platforms, Inc.",2022-01-31,2022-02-01,1,up,up,0.06263302192966441,0.46371547369917665,0.47365150437115894,0.47365150437115894,0.009936030671982288,True,True
"Meta Platforms, Inc.",2022-02-01,2022-02-02,1,up,flat,0.076881659711111,0.6021864912657025,0.3209318490231866,0.3209318490231866,-0.28125464224251584,False,False
"Meta Platforms, Inc.",2022-02-02,2022-02-03,1,down,up,0.21639843878370085,0.3177131690733994,0.4658883921428998,0.4658883921428998,0.14817522306950037,True,False
"Meta Platforms, Inc.",2022-02-03,2022-02-04,1,flat,down,0.6039880738047518,0.2305145901253772,0.16549733606987097,0.6039880738047518,0.3734734836793746,True,False
"Meta Platforms, Inc.",2022-02-04,2022-02-07,1,flat,up,0.22950626284836737,0.3661863197141286,0.40430741743750387,0.40430741743750387,0.03812109772337524,True,False
"Meta Platforms, Inc.",2022-02-07,2022-02-08,1,down,up,0.11694080010838584,0.3773482504027766,0.5057109494888377,0.5057109494888377,0.12836269908606107,True,False
"Meta Platforms, Inc.",2022-02-08,2022-02-09,1,flat,up,0.16536400058221587,0.41639142056478695,0.41824457885299726,0.41824457885299726,0.0018531582882103104,True,False
"Meta Platforms, Inc.",2022-02-09,2022-02-10,1,flat,up,0.08060884071763133,0.3760238944294517,0.5433672648529169,0.5433672648529169,0.16734337042346514,True,False
"Meta Platforms, Inc.",2022-02-10,2022-02-11,1,flat,flat,0.057017325461577825,0.5174046549980033,0.42557801954041896,0.42557801954041896,-0.0918266354575843,False,True
"Meta Platforms, Inc.",2022-02-11,2022-02-14,1,flat,flat,0.08853985437665325,0.5573338015700859,0.35412634405326093,0.35412634405326093,-0.203207457516825,False,True
"Meta Platforms, Inc.",2022-02-14,2022-02-15,1,flat,flat,0.09096963110057836,0.564316994695962,0.34471337420345977,0.34471337420345977,-0.2196036204925022,False,True
"Meta Platforms, Inc.",2022-02-15,2022-02-16,1,flat,flat,0.09710945671733709,0.6149511515955479,0.28793939168711497,0.28793939168711497,-0.32701175990843295,False,True
"Meta Platforms, Inc.",2022-02-16,2022-02-17,1,flat,flat,0.18015394410875515,0.6259364488433132,0.19390960704793184,0.19390960704793184,-0.4320268417953814,False,True
"Meta Platforms, Inc.",2022-02-17,2022-02-18,1,flat,flat,0.15525640911471217,0.6523588308630625,0.19238476002222554,0.19238476002222554,-0.4599740708408369,False,True
"Meta Platforms, Inc.",2022-02-18,2022-02-22,1,flat,flat,0.1602744492474339,0.6392103831111463,0.2005151676414199,0.2005151676414199,-0.4386952154697264,False,True
"Meta Platforms, Inc.",2022-02-22,2022-02-23,1,flat,flat,0.1700100653967639,0.6282631919993111,0.20172674260392526,0.20172674260392526,-0.4265364493953859,False,True
"Meta Platforms, Inc.",2022-02-23,2022-02-24,1,flat,flat,0.1450606522136709,0.6158540824598873,0.23908526532644198,0.23908526532644198,-0.3767688171334453,False,True
"Meta Platforms, Inc.",2022-02-24,2022-02-25,1,up,flat,0.18544172791244135,0.5698787741715876,0.2446794979159711,0.2446794979159711,-0.3251992762556165,False,False
"Meta Platforms, Inc.",2022-02-25,2022-02-28,1,flat,flat,0.07781264929440468,0.6877066981038584,0.23448065260173676,0.23448065260173676,-0.45322604550212164,False,True
"Meta Platforms, Inc.",2022-02-28,2022-03-01,1,flat,flat,0.0989591057148011,0.7225186888821905,0.17852220540300828,0.17852220540300828,-0.5439964834791822,False,True
"Meta Platforms, Inc.",2022-03-01,2022-03-02,1,flat,flat,0.16821205792756574,0.7095280794010539,0.12225986267138035,0.16821205792756574,-0.5413160214734881,False,True
"Meta Platforms, Inc.",2022-03-02,2022-03-03,1,flat,flat,0.1754799035533886,0.7007041704342549,0.12381592601235647,0.1754799035533886,-0.5252242668808663,False,True
"Meta Platforms, Inc.",2022-03-03,2022-03-04,1,flat,flat,0.172953558689468,0.6823238764700195,0.14472256484051257,0.172953558689468,-0.5093703177805515,False,True
"Meta Platforms, Inc.",2022-03-04,2022-03-07,1,down,flat,0.3554548529577748,0.4502644519353154,0.19428069510690998,0.3554548529577748,-0.0948095989775406,False,False
"Meta Platforms, Inc.",2022-03-07,2022-03-08,1,flat,down,0.42265278901573444,0.34638546392814784,0.23096174705611777,0.42265278901573444,0.0762673250875866,True,False
"Meta Platforms, Inc.",2022-03-08,2022-03-09,1,up,flat,0.3366330720794747,0.38367717318369315,0.2796897547368322,0.3366330720794747,-0.04704410110421847,False,False
"Meta Platforms, Inc.",2022-03-09,2022-03-10,1,flat,flat,0.16623247537286628,0.4689550987766348,0.364812425850499,0.364812425850499,-0.10414267292613583,False,True
"Meta Platforms, Inc.",2022-03-10,2022-03-11,1,flat,flat,0.25077324517214106,0.5151021151919322,0.23412463963592678,0.25077324517214106,-0.2643288700197911,False,True
"Meta Platforms, Inc.",2022-03-11,2022-03-14,1,flat,flat,0.3329986477030241,0.3896445111475835,0.27735684114939263,0.3329986477030241,-0.05664586344455941,False,True
"Meta Platforms, Inc.",2022-03-14,2022-03-15,1,flat,flat,0.31397877427909593,0.3815126999530952,0.3045085257678089,0.31397877427909593,-0.0675339256739993,False,True
"Meta Platforms, Inc.",2022-03-15,2022-03-16,1,up,flat,0.2016513715968044,0.441013828537216,0.3573347998659797,0.3573347998659797,-0.08367902867123628,False,False
"Meta Platforms, Inc.",2022-03-16,2022-03-17,1,up,flat,0.1150593146703108,0.4581761687727568,0.4267645165569325,0.4267645165569325,-0.031411652215824315,False,False
"Meta Platforms, Inc.",2022-03-17,2022-03-18,1,up,flat,0.16487906253227552,0.5984132705037681,0.2367076669639565,0.2367076669639565,-0.3617056035398116,False,False
"Meta Platforms, Inc.",2022-03-18,2022-03-21,1,flat,flat,0.171631932955728,0.4379210843272654,0.3904469827170067,0.3904469827170067,-0.04747410161025872,False,True
"Meta Platforms, Inc.",2022-03-21,2022-03-22,1,flat,flat,0.26199307161449403,0.552615041825239,0.18539188656026703,0.26199307161449403,-0.290621970210745,False,True
"Meta Platforms, Inc.",2022-03-22,2022-03-23,1,flat,flat,0.24605675363956914,0.5642816905910623,0.18966155576936866,0.24605675363956914,-0.3182249369514931,False,True
"Meta Platforms, Inc.",2022-03-23,2022-03-24,1,flat,flat,0.2934867203479307,0.5214280985104709,0.1850851811415983,0.2934867203479307,-0.22794137816254018,False,True
"Meta Platforms, Inc.",2022-03-24,2022-03-25,1,flat,flat,0.23210121089565722,0.5414651889272514,0.22643360017709147,0.23210121089565722,-0.30936397803159416,False,True
"Meta Platforms, Inc.",2022-03-25,2022-03-28,1,flat,flat,0.25807595251985876,0.5386808675571282,0.20324317992301305,0.25807595251985876,-0.2806049150372694,False,True
"Meta Platforms, Inc.",2022-03-28,2022-03-29,1,up,flat,0.27836316861431515,0.5413103963560723,0.1803264350296127,0.27836316861431515,-0.2629472277417571,False,False
"Meta Platforms, Inc.",2022-03-29,2022-03-30,1,flat,flat,0.19053082900017054,0.5804991833474568,0.22896998765237286,0.22896998765237286,-0.3515291956950839,False,True
"Meta Platforms, Inc.",2022-03-30,2022-03-31,1,flat,flat,0.2548078812162559,0.5582201266746082,0.1869719921091359,0.2548078812162559,-0.30341224545835227,False,True
"Meta Platforms, Inc.",2022-03-31,2022-04-01,1,flat,flat,0.3313218570621266,0.5452263507239812,0.12345179221389244,0.3313218570621266,-0.2139044936618546,False,True
"Meta Platforms, Inc.",2022-04-01,2022-04-04,1,up,flat,0.25650677427205376,0.5662239424064376,0.17726928332150874,0.25650677427205376,-0.3097171681343838,False,False
"Meta Platforms, Inc.",2022-04-04,2022-04-05,1,flat,flat,0.16599436333316922,0.569807648629144,0.26419798803768685,0.26419798803768685,-0.30560966059145717,False,True
"Meta Platforms, Inc.",2022-04-05,2022-04-06,1,down,flat,0.2569735034898299,0.5358236396227851,0.207202856887385,0.2569735034898299,-0.27885013613295523,False,False
"Meta Platforms, Inc.",2022-04-06,2022-04-07,1,flat,flat,0.4204570838945441,0.4718785127997007,0.1076644033057553,0.4204570838945441,-0.05142142890515661,False,True
"Meta Platforms, Inc.",2022-04-07,2022-04-08,1,flat,flat,0.26994683335917014,0.5298385478440021,0.20021461879682784,0.26994683335917014,-0.25989171448483195,False,True
"Meta Platforms, Inc.",2022-04-08,2022-04-11,1,down,flat,0.19638349310289277,0.5047443294499874,0.2988721774471198,0.2988721774471198,-0.20587215200286757,False,False
"Meta Platforms, Inc.",2022-04-11,2022-04-12,1,flat,flat,0.31215547599069604,0.48353880413603684,0.20430571987326732,0.31215547599069604,-0.1713833281453408,False,True
"Meta Platforms, Inc.",2022-04-12,2022-04-13,1,down,flat,0.22238102209497845,0.5146896636271643,0.2629293142778573,0.2629293142778573,-0.25176034934930697,False,False
"Meta Platforms, Inc.",2022-04-13,2022-04-14,1,flat,flat,0.26592210026426927,0.49890197667623504,0.23517592305949578,0.26592210026426927,-0.23297987641196577,False,True
"Meta Platforms, Inc.",2022-04-14,2022-04-18,1,flat,flat,0.23722552440160244,0.4968787024708553,0.2658957731275424,0.2658957731275424,-0.23098292934331288,False,True
"Meta Platforms, Inc.",2022-04-18,2022-04-19,1,flat,flat,0.21207593200045244,0.49728845124069176,0.29063561675885574,0.29063561675885574,-0.20665283448183602,False,True
"Meta Platforms, Inc.",2022-04-19,2022-04-20,1,down,flat,0.14252964750579472,0.4685507189431851,0.3889196335510202,0.3889196335510202,-0.0796310853921649,False,False
"Meta Platforms, Inc.",2022-04-20,2022-04-21,1,down,down,0.5119879502234796,0.23552203787147652,0.2524900119050437,0.5119879502234796,0.27646591235200313,True,True
"Meta Platforms, Inc.",2022-04-21,2022-04-22,1,down,down,0.4784987923191069,0.2710216304904436,0.2504795771904495,0.4784987923191069,0.20747716182866333,True,True
"Meta Platforms, Inc.",2022-04-22,2022-04-25,1,flat,up,0.3227057116549451,0.30845452582425104,0.36883976252080386,0.36883976252080386,0.060385236696552824,True,False
"Meta Platforms, Inc.",2022-04-25,2022-04-26,1,flat,up,0.25770622074769234,0.34391577319715383,0.39837800605515383,0.39837800605515383,0.054462232858000004,True,False
"Meta Platforms, Inc.",2022-04-26,2022-04-27,1,down,up,0.2437548232650435,0.374546301028736,0.3816988757062206,0.3816988757062206,0.007152574677484591,True,False
"Meta Platforms, Inc.",2022-04-27,2022-04-28,1,up,up,0.37271499764201094,0.19719684498387008,0.43008815737411904,0.43008815737411904,0.23289131239024896,True,True
"Meta Platforms, Inc.",2022-04-28,2022-04-29,1,flat,up,0.1020060266776872,0.33303620312406407,0.564957770198249,0.564957770198249,0.23192156707418493,True,False
"Meta Platforms, Inc.",2022-04-29,2022-05-02,1,flat,flat,0.15417194894008385,0.5975834600131187,0.24824459104679752,0.24824459104679752,-0.34933886896632116,False,True
"Meta Platforms, Inc.",2022-05-02,2022-05-03,1,flat,flat,0.2159763243234739,0.5677151319516462,0.2163085437248799,0.2163085437248799,-0.35140658822676635,False,True
"Meta Platforms, Inc.",2022-05-03,2022-05-04,1,flat,flat,0.15553688220752326,0.6169986549111588,0.2274644628813181,0.2274644628813181,-0.3895341920298407,False,True
"Meta Platforms, Inc.",2022-05-04,2022-05-05,1,flat,flat,0.16890053743074301,0.6425126468064766,0.1885868157627807,0.1885868157627807,-0.4539258310436959,False,True
"Meta Platforms, Inc.",2022-05-05,2022-05-06,1,down,flat,0.3255472350268023,0.527242625524372,0.14721013944882588,0.3255472350268023,-0.20169539049756968,False,False
"Meta Platforms, Inc.",2022-05-06,2022-05-09,1,down,flat,0.4032195213931489,0.4691200592637993,0.12766041934305178,0.4032195213931489,-0.06590053787065037,False,False
"Meta Platforms, Inc.",2022-05-09,2022-05-10,1,flat,flat,0.3530108242943448,0.5001835296278516,0.14680564607780355,0.3530108242943448,-0.1471727053335068,False,True
"Meta Platforms, Inc.",2022-05-10,2022-05-11,1,flat,flat,0.21111355281943572,0.5676503666107793,0.2212360805697851,0.2212360805697851,-0.34641428604099417,False,True
"Meta Platforms, Inc.",2022-05-11,2022-05-12,1,flat,flat,0.25736543678918655,0.5595535273012403,0.1830810359095733,0.25736543678918655,-0.30218809051205375,False,True
"Meta Platforms, Inc.",2022-05-12,2022-05-13,1,flat,flat,0.2523411690297507,0.4993400222490203,0.24831880872122902,0.2523411690297507,-0.24699885321926962,False,True
"Meta Platforms, Inc.",2022-05-13,2022-05-16,1,flat,flat,0.07487126783739792,0.645660521191685,0.2794682109709169,0.2794682109709169,-0.36619231022076815,False,True
"Meta Platforms, Inc.",2022-05-16,2022-05-17,1,flat,flat,0.07026727607973618,0.6251108914802646,0.3046218324399994,0.3046218324399994,-0.32048905904026515,False,True
"Meta Platforms, Inc.",2022-05-17,2022-05-18,1,flat,flat,0.0891422309396593,0.6745897639586407,0.23626800510170004,0.23626800510170004,-0.43832175885694064,False,True
"Meta Platforms, Inc.",2022-05-18,2022-05-19,1,flat,flat,0.21920099389856557,0.6437207895149903,0.1370782165864441,0.21920099389856557,-0.4245197956164248,False,True
"Meta Platforms, Inc.",2022-05-19,2022-05-20,1,flat,flat,0.2130413845057095,0.6282253302944304,0.15873328519986007,0.2130413845057095,-0.41518394578872087,False,True
"Meta Platforms, Inc.",2022-05-20,2022-05-23,1,flat,flat,0.15679901846109437,0.5583708669110674,0.2848301146278382,0.2848301146278382,-0.2735407522832292,False,True
"Meta Platforms, Inc.",2022-05-23,2022-05-24,1,down,flat,0.12961500436343976,0.666256721923121,0.20412827371343933,0.20412827371343933,-0.4621284482096817,False,False
"Meta Platforms, Inc.",2022-05-24,2022-05-25,1,flat,down,0.45620513864843726,0.3808324728898454,0.16296238846171743,0.45620513864843726,0.07537266575859186,True,False
"Meta Platforms, Inc.",2022-05-25,2022-05-26,1,flat,flat,0.14164271393585293,0.5918509700399365,0.26650631602421054,0.26650631602421054,-0.32534465401572593,False,True
"Meta Platforms, Inc.",2022-05-26,2022-05-27,1,flat,flat,0.07978712891576789,0.5892726335064196,0.3309402375778126,0.3309402375778126,-0.25833239592860696,False,True
"Meta Platforms, Inc.",2022-05-27,2022-05-31,1,flat,flat,0.0872564394962898,0.6136740121155053,0.2990695483882048,0.2990695483882048,-0.3146044637273005,False,True
"Meta Platforms, Inc.",2022-05-31,2022-06-01,1,flat,flat,0.1488167880491914,0.5951047071946307,0.2560785047561781,0.2560785047561781,-0.3390262024384526,False,True
"Meta Platforms, Inc.",2022-06-01,2022-06-02,1,flat,flat,0.2849378828307447,0.4632966987677719,0.25176541840148364,0.2849378828307447,-0.17835881593702718,False,True
"Meta Platforms, Inc.",2022-06-02,2022-06-03,1,flat,flat,0.1717528797855397,0.5621593792391308,0.2660877409753295,0.2660877409753295,-0.29607163826380134,False,True
"Meta Platforms, Inc.",2022-06-03,2022-06-06,1,flat,flat,0.21266926032296463,0.579503732215986,0.20782700746104954,0.21266926032296463,-0.3668344718930213,False,True
"Meta Platforms, Inc.",2022-06-06,2022-06-07,1,flat,flat,0.260272844914994,0.4777430208800305,0.2619841342049756,0.2619841342049756,-0.21575888667505488,False,True
"Meta Platforms, Inc.",2022-06-07,2022-06-08,1,flat,flat,0.22380695166865988,0.5749365451054494,0.20125650322589073,0.22380695166865988,-0.35112959343678957,False,True
"Meta Platforms, Inc.",2022-06-08,2022-06-09,1,down,flat,0.1473045345625214,0.5885534983964229,0.26414196704105586,0.26414196704105586,-0.32441153135536704,False,False
"Meta Platforms, Inc.",2022-06-09,2022-06-10,1,down,flat,0.33646252909460417,0.49763781602714957,0.1658996548782464,0.33646252909460417,-0.1611752869325454,False,False
"Meta Platforms, Inc.",2022-06-10,2022-06-13,1,down,down,0.41792947225653754,0.3851806977519848,0.19688982999147772,0.41792947225653754,0.03274877450455271,True,True
"Meta Platforms, Inc.",2022-06-13,2022-06-14,1,flat,down,0.39976001020989654,0.3588803986251017,0.2413595911650017,0.39976001020989654,0.04087961158479486,True,False
"Meta Platforms, Inc.",2022-06-14,2022-06-15,1,flat,flat,0.27845133540028344,0.4158257101968279,0.30572295440288866,0.30572295440288866,-0.11010275579393924,False,True
"Meta Platforms, Inc.",2022-06-15,2022-06-16,1,down,flat,0.13923596456954712,0.4565293372674615,0.4042346981629915,0.4042346981629915,-0.052294639104469964,False,False
"Meta Platforms, Inc.",2022-06-16,2022-06-17,1,flat,flat,0.3319141182536033,0.3976253072174992,0.2704605745288976,0.3319141182536033,-0.06571118896389594,False,True
"Meta Platforms, Inc.",2022-06-17,2022-06-21,1,flat,flat,0.1674148006964708,0.44304047891814247,0.38954472038538673,0.38954472038538673,-0.05349575853275573,False,True
"Meta Platforms, Inc.",2022-06-21,2022-06-22,1,flat,up,0.22670651440859219,0.3298085683569457,0.443484917234462,0.443484917234462,0.11367634887751626,True,False
"Meta Platforms, Inc.",2022-06-22,2022-06-23,1,flat,flat,0.30284310327235775,0.3574432594924282,0.33971363723521397,0.33971363723521397,-0.01772962225721425,False,True
"Meta Platforms, Inc.",2022-06-23,2022-06-24,1,up,flat,0.21848938214788877,0.4270043030806907,0.3545063147714204,0.3545063147714204,-0.07249798830927029,False,False
"Meta Platforms, Inc.",2022-06-24,2022-06-27,1,flat,up,0.09660477102055022,0.4481705641751405,0.45522466480430934,0.45522466480430934,0.007054100629168836,True,False
"Meta Platforms, Inc.",2022-06-27,2022-06-28,1,down,flat,0.13882768847222657,0.6579418612990906,0.2032304502286829,0.2032304502286829,-0.4547114110704077,False,False
"Meta Platforms, Inc.",2022-06-28,2022-06-29,1,flat,flat,0.2695048184163852,0.5090029533227028,0.22149222826091203,0.2695048184163852,-0.23949813490631766,False,True
"Meta Platforms, Inc.",2022-06-29,2022-06-30,1,flat,flat,0.2456988817409631,0.488976060318453,0.2653250579405839,0.2653250579405839,-0.22365100237786906,False,True
"Meta Platforms, Inc.",2022-06-30,2022-07-01,1,flat,flat,0.250333891454229,0.4438296124735863,0.30583649607218466,0.30583649607218466,-0.13799311640140166,False,True
"Meta Platforms, Inc.",2022-07-01,2022-07-05,1,flat,flat,0.3419648532182463,0.41229280008855834,0.2457423466931954,0.3419648532182463,-0.07032794687031202,False,True
"Meta Platforms, Inc.",2022-07-05,2022-07-06,1,up,flat,0.14443286417149392,0.5694281431385726,0.2861389926899336,0.2861389926899336,-0.283289150448639,False,False
"Meta Platforms, Inc.",2022-07-06,2022-07-07,1,flat,flat,0.10603926557622761,0.6575185259214074,0.23644220850236508,0.23644220850236508,-0.4210763174190423,False,True
"Meta Platforms, Inc.",2022-07-07,2022-07-08,1,flat,flat,0.1562692541799025,0.6584642855361822,0.18526646028391536,0.18526646028391536,-0.47319782525226683,False,True
"Meta Platforms, Inc.",2022-07-08,2022-07-11,1,down,flat,0.20295256804924114,0.5713732519157544,0.2256741800350046,0.2256741800350046,-0.3456990718807498,False,False
"Meta Platforms, Inc.",2022-07-11,2022-07-12,1,flat,flat,0.30103779192257796,0.4676853889845196,0.23127681909290254,0.30103779192257796,-0.16664759706194165,False,True
"Meta Platforms, Inc.",2022-07-12,2022-07-13,1,flat,flat,0.21448483552767217,0.5822197623347349,0.2032954021375929,0.21448483552767217,-0.36773492680706277,False,True
"Meta Platforms, Inc.",2022-07-13,2022-07-14,1,flat,flat,0.23439804147722457,0.5592399416637456,0.20636201685903005,0.23439804147722457,-0.32484190018652104,False,True
"Meta Platforms, Inc.",2022-07-14,2022-07-15,1,flat,flat,0.3027124974976337,0.4322918647312076,0.2649956377711587,0.3027124974976337,-0.12957936723357394,False,True
"Meta Platforms, Inc.",2022-07-15,2022-07-18,1,up,flat,0.16535061788294786,0.5573877974381124,0.2772615846789398,0.2772615846789398,-0.2801262127591726,False,False
"Meta Platforms, Inc.",2022-07-18,2022-07-19,1,up,flat,0.11029311480812126,0.5899943000437385,0.2997125851481402,0.2997125851481402,-0.29028171489559834,False,False
"Meta Platforms, Inc.",2022-07-19,2022-07-20,1,up,flat,0.10258522166501488,0.6094328950754946,0.2879818832594906,0.2879818832594906,-0.321451011816004,False,False
"Meta Platforms, Inc.",2022-07-20,2022-07-21,1,flat,flat,0.0859613117078982,0.6414527363503945,0.27258595194170737,0.27258595194170737,-0.3688667844086871,False,True
"Meta Platforms, Inc.",2022-07-21,2022-07-22,1,down,flat,0.19464762668411142,0.6161062782965414,0.18924609501934728,0.19464762668411142,-0.42145865161243,False,False
"Meta Platforms, Inc.",2022-07-22,2022-07-25,1,down,down,0.5245562565475667,0.2774669905144577,0.19797675293797573,0.5245562565475667,0.24708926603310893,True,True
"Meta Platforms, Inc.",2022-07-25,2022-07-26,1,down,flat,0.36384672972019383,0.404100459427316,0.2320528108524902,0.36384672972019383,-0.040253729707122154,False,False
"Meta Platforms, Inc.",2022-07-26,2022-07-27,1,flat,flat,0.355010013726636,0.39133103747240405,0.2536589488009599,0.355010013726636,-0.036321023745768066,False,True
"Meta Platforms, Inc.",2022-07-27,2022-07-28,1,down,up,0.21570141696948558,0.38876026822008913,0.39553831481042534,0.39553831481042534,0.006778046590336206,True,False
"Meta Platforms, Inc.",2022-07-28,2022-07-29,1,flat,down,0.5058168270388359,0.21979946325277552,0.27438370970838843,0.5058168270388359,0.28601736378606035,True,False
"Meta Platforms, Inc.",2022-07-29,2022-08-01,1,flat,flat,0.30303748867858216,0.38150027925752183,0.31546223206389595,0.31546223206389595,-0.06603804719362588,False,True
"Meta Platforms, Inc.",2022-08-01,2022-08-02,1,flat,flat,0.1717479103299882,0.4571712798874231,0.3710808097825887,0.3710808097825887,-0.0860904701048344,False,True
"Meta Platforms, Inc.",2022-08-02,2022-08-03,1,up,flat,0.15293167515695338,0.5031024918998451,0.34396583294320154,0.34396583294320154,-0.15913665895664358,False,False
"Meta Platforms, Inc.",2022-08-03,2022-08-04,1,flat,flat,0.08160208531814814,0.5470241993037264,0.37137371537812547,0.37137371537812547,-0.1756504839256009,False,True
"Meta Platforms, Inc.",2022-08-04,2022-08-05,1,flat,flat,0.10649571111391627,0.6464963634755717,0.24700792541051195,0.24700792541051195,-0.39948843806505974,False,True
"Meta Platforms, Inc.",2022-08-05,2022-08-08,1,flat,flat,0.22876964914077924,0.5382686229058885,0.2329617279533323,0.2329617279533323,-0.3053068949525562,False,True
"Meta Platforms, Inc.",2022-08-08,2022-08-09,1,flat,flat,0.1483825371790284,0.6165181190050342,0.23509934381593747,0.23509934381593747,-0.3814187751890967,False,True
"Meta Platforms, Inc.",2022-08-09,2022-08-10,1,up,flat,0.22604018937183604,0.5669294723224627,0.20703033830570117,0.22604018937183604,-0.3408892829506267,False,False
"Meta Platforms, Inc.",2022-08-10,2022-08-11,1,flat,flat,0.07950765417456579,0.5951282296129152,0.3253641162125191,0.3253641162125191,-0.26976411340039613,False,True
"Meta Platforms, Inc.",2022-08-11,2022-08-12,1,flat,flat,0.1803256621523981,0.6459448573526549,0.17372948049494713,0.1803256621523981,-0.46561919520025685,False,True
"Meta Platforms, Inc.",2022-08-12,2022-08-15,1,flat,flat,0.2145371640949662,0.6199743284389121,0.16548850746612187,0.2145371640949662,-0.4054371643439459,False,True
"Meta Platforms, Inc.",2022-08-15,2022-08-16,1,flat,flat,0.2345762033334029,0.6065691252675214,0.158854671399076,0.2345762033334029,-0.3719929219341185,False,True
"Meta Platforms, Inc.",2022-08-16,2022-08-17,1,flat,flat,0.2152689162657041,0.4939671519203469,0.290763931813949,0.290763931813949,-0.2032032201063979,False,True
"Meta Platforms, Inc.",2022-08-17,2022-08-18,1,flat,flat,0.28458973102936863,0.558465848077017,0.15694442089361432,0.28458973102936863,-0.2738761170476484,False,True
"Meta Platforms, Inc.",2022-08-18,2022-08-19,1,down,flat,0.24580616723144064,0.5761650532703733,0.1780287794981862,0.24580616723144064,-0.3303588860389326,False,False
"Meta Platforms, Inc.",2022-08-19,2022-08-22,1,down,flat,0.3438839183510404,0.3841845460857982,0.2719315355631613,0.3438839183510404,-0.04030062773475784,False,False
"Meta Platforms, Inc.",2022-08-22,2022-08-23,1,flat,flat,0.3075344129246498,0.4470554601868223,0.2454101268885279,0.3075344129246498,-0.13952104726217252,False,True
"Meta Platforms, Inc.",2022-08-23,2022-08-24,1,flat,flat,0.20813650065727068,0.5203050173751931,0.27155848196753624,0.27155848196753624,-0.24874653540765684,False,True
"Meta Platforms, Inc.",2022-08-24,2022-08-25,1,up,flat,0.18766083066221526,0.46618618472179985,0.346152984615985,0.346152984615985,-0.12003320010581486,False,False
"Meta Platforms, Inc.",2022-08-25,2022-08-26,1,flat,flat,0.09790280710754744,0.5736856111755615,0.32841158171689105,0.32841158171689105,-0.24527402945867044,False,True
"Meta Platforms, Inc.",2022-08-26,2022-08-29,1,down,flat,0.24206602979553532,0.4511995902866563,0.3067343799178084,0.3067343799178084,-0.1444652103688479,False,False
"Meta Platforms, Inc.",2022-08-29,2022-08-30,1,flat,flat,0.3419303122643981,0.4099861506927962,0.2480835370428058,0.3419303122643981,-0.06805583842839813,False,True
"Meta Platforms, Inc.",2022-08-30,2022-08-31,1,up,flat,0.25121411533324334,0.4245902978956583,0.3241955867710985,0.3241955867710985,-0.10039471112455978,False,False
"Meta Platforms, Inc.",2022-08-31,2022-09-01,1,flat,up,0.12853309946739278,0.3616759226777766,0.5097909778548306,0.5097909778548306,0.14811505517705403,True,False
"Meta Platforms, Inc.",2022-09-01,2022-09-02,1,flat,flat,0.3145668690129817,0.46654786059387093,0.21888527039314742,0.3145668690129817,-0.15198099158088924,False,True
"Meta Platforms, Inc.",2022-09-02,2022-09-06,1,down,flat,0.26357082838626333,0.5262198749909464,0.21020929662279036,0.26357082838626333,-0.262649046604683,False,False
"Meta Platforms, Inc.",2022-09-06,2022-09-07,1,flat,flat,0.3548216632644754,0.41252831866911066,0.23265001806641394,0.3548216632644754,-0.057706655404635265,False,True
"Meta Platforms, Inc.",2022-09-07,2022-09-08,1,flat,flat,0.23818981467359365,0.5095529203836566,0.2522572649427498,0.2522572649427498,-0.2572956554409068,False,True
"Meta Platforms, Inc.",2022-09-08,2022-09-09,1,up,flat,0.2192189334310099,0.45731785403555847,0.3234632125334317,0.3234632125334317,-0.13385464150212678,False,False
"Meta Platforms, Inc.",2022-09-09,2022-09-12,1,flat,flat,0.13382074207873335,0.546699006106656,0.3194802518146105,0.3194802518146105,-0.22721875429204552,False,True
"Meta Platforms, Inc.",2022-09-12,2022-09-13,1,down,flat,0.2259361576978352,0.5422819393369113,0.23178190296525356,0.23178190296525356,-0.3105000363716577,False,False
"Meta Platforms, Inc.",2022-09-13,2022-09-14,1,down,down,0.633850751509457,0.17852530700743482,0.1876239414831082,0.633850751509457,0.45532544450202217,True,True
"Meta Platforms, Inc.",2022-09-14,2022-09-15,1,flat,down,0.43206754135466263,0.2865462438862846,0.2813862147590528,0.43206754135466263,0.14552129746837805,True,False
"Meta Platforms, Inc.",2022-09-15,2022-09-16,1,down,flat,0.2802657034759026,0.3789607340133911,0.3407735625107063,0.3407735625107063,-0.0381871715026848,False,False
"Meta Platforms, Inc.",2022-09-16,2022-09-19,1,flat,down,0.3799577215829132,0.2983955671660278,0.32164671125105904,0.3799577215829132,0.08156215441688541,True,False
"Meta Platforms, Inc.",2022-09-19,2022-09-20,1,flat,flat,0.26841836557154464,0.45336572234007355,0.278215912088382,0.278215912088382,-0.17514981025169157,False,True
"Meta Platforms, Inc.",2022-09-20,2022-09-21,1,flat,flat,0.21199098407138506,0.4780111800064692,0.30999783592214586,0.30999783592214586,-0.16801334408432334,False,True
"Meta Platforms, Inc.",2022-09-21,2022-09-22,1,flat,up,0.32264285657596486,0.32896613593764307,0.348391007486392,0.348391007486392,0.019424871548748945,True,False
"Meta Platforms, Inc.",2022-09-22,2022-09-23,1,flat,flat,0.3095436069501905,0.38279714386338637,0.30765924918642323,0.3095436069501905,-0.07325353691319586,False,True
"Meta Platforms, Inc.",2022-09-23,2022-09-26,1,flat,flat,0.29350553214642433,0.3899023909065759,0.3165920769469997,0.3165920769469997,-0.07331031395957621,False,True
"Meta Platforms, Inc.",2022-09-26,2022-09-27,1,flat,flat,0.3012303843004118,0.41180727111066084,0.2869623445889274,0.3012303843004118,-0.11057688681024902,False,True
"Meta Platforms, Inc.",2022-09-27,2022-09-28,1,flat,flat,0.2796281774075677,0.37949348679486317,0.3408783357975692,0.3408783357975692,-0.03861515099729396,False,True
"Meta Platforms, Inc.",2022-09-28,2022-09-29,1,flat,flat,0.24179005651628327,0.48770883263607084,0.27050111084764605,0.27050111084764605,-0.2172077217884248,False,True
"Meta Platforms, Inc.",2022-09-29,2022-09-30,1,flat,down,0.3787203810104316,0.37325337575733203,0.24802624323223643,0.3787203810104316,0.005467005253099566,True,False
"Meta Platforms, Inc.",2022-09-30,2022-10-03,1,flat,flat,0.2942953049657397,0.4678065400775512,0.2378981549567091,0.2942953049657397,-0.1735112351118115,False,True
"Meta Platforms, Inc.",2022-10-03,2022-10-04,1,flat,flat,0.22453742386831216,0.5423460651953382,0.23311651093634972,0.23311651093634972,-0.3092295542589885,False,True
"Meta Platforms, Inc.",2022-10-04,2022-10-05,1,down,flat,0.13343001936937424,0.6271985943691978,0.23937138626142815,0.23937138626142815,-0.3878272081077696,False,False
"Meta Platforms, Inc.",2022-10-05,2022-10-06,1,flat,flat,0.36114929587749606,0.4894425310447968,0.1494081730777072,0.36114929587749606,-0.12829323516730073,False,True
"Meta Platforms, Inc.",2022-10-06,2022-10-07,1,down,flat,0.26321880346916826,0.5132734884393346,0.22350770809149723,0.26321880346916826,-0.25005468497016636,False,False
"Meta Platforms, Inc.",2022-10-07,2022-10-10,1,flat,down,0.4443430579504988,0.360082122274172,0.1955748197753292,0.4443430579504988,0.08426093567632675,True,False
"Meta Platforms, Inc.",2022-10-10,2022-10-11,1,down,flat,0.3302041996635372,0.47715645765143583,0.19263934268502708,0.3302041996635372,-0.14695225798789863,False,False
"Meta Platforms, Inc.",2022-10-11,2022-10-12,1,flat,down,0.4235045218112147,0.2940153270540431,0.28248015113474223,0.4235045218112147,0.12948919475717158,True,False
"Meta Platforms, Inc.",2022-10-12,2022-10-13,1,flat,flat,0.3086656781640413,0.36826352518454675,0.3230707966514119,0.3230707966514119,-0.04519272853313483,False,True
"Meta Platforms, Inc.",2022-10-13,2022-10-14,1,flat,flat,0.2555485947732093,0.3841607104156291,0.3602906948111616,0.3602906948111616,-0.023870015604467498,False,True
"Meta Platforms, Inc.",2022-10-14,2022-10-17,1,flat,flat,0.18477566856715189,0.5344580215931172,0.28076630983973105,0.28076630983973105,-0.2536917117533861,False,True
"Meta Platforms, Inc.",2022-10-17,2022-10-18,1,flat,flat,0.1199416002373172,0.5698504130896446,0.3102079866730382,0.3102079866730382,-0.25964242641660634,False,True
"Meta Platforms, Inc.",2022-10-18,2022-10-19,1,flat,flat,0.1311118195537834,0.6476399095180125,0.22124827092820423,0.22124827092820423,-0.42639163858980833,False,True
"Meta Platforms, Inc.",2022-10-19,2022-10-20,1,flat,flat,0.3020947068643667,0.48725164344423333,0.2106536496914,0.3020947068643667,-0.18515693657986665,False,True
"Meta Platforms, Inc.",2022-10-20,2022-10-21,1,down,flat,0.27202531143406505,0.5129452185574939,0.2150294700084412,0.27202531143406505,-0.2409199071234288,False,False
"Meta Platforms, Inc.",2022-10-21,2022-10-24,1,flat,down,0.5723897255510333,0.26952791338212356,0.15808236106684315,0.5723897255510333,0.3028618121689097,True,False
"Meta Platforms, Inc.",2022-10-24,2022-10-25,1,up,down,0.37053782259771295,0.35409496621538894,0.2753672111868983,0.37053782259771295,0.01644285638232401,True,False
"Meta Platforms, Inc.",2022-10-25,2022-10-26,1,flat,flat,0.13101102973887963,0.5862080037573384,0.282780966503782,0.282780966503782,-0.3034270372535564,False,True
"Meta Platforms, Inc.",2022-10-26,2022-10-27,1,down,down,0.5445471529360232,0.24381219225474854,0.21164065480922833,0.5445471529360232,0.30073496068127464,True,True
"Meta Platforms, Inc.",2022-10-27,2022-10-28,1,flat,down,0.5966316512562994,0.2058120551175096,0.1975562936261911,0.5966316512562994,0.39081959613878975,True,False
"Meta Platforms, Inc.",2022-10-28,2022-10-31,1,flat,flat,0.19967348618891037,0.42227415915742345,0.37805235465366627,0.37805235465366627,-0.04422180450375718,False,True
"Meta Platforms, Inc.",2022-10-31,2022-11-01,1,flat,up,0.22344969727780892,0.32012121593048937,0.4564290867917017,0.4564290867917017,0.13630787086121232,True,False
"Meta Platforms, Inc.",2022-11-01,2022-11-02,1,flat,flat,0.2283433922013266,0.38745470634084456,0.38420190145782895,0.38420190145782895,-0.003252804883015603,False,True
"Meta Platforms, Inc.",2022-11-02,2022-11-03,1,flat,flat,0.21234850595002747,0.460679921617347,0.32697157243262565,0.32697157243262565,-0.13370834918472135,False,True
"Meta Platforms, Inc.",2022-11-03,2022-11-04,1,flat,flat,0.17484755000042138,0.48981940246787725,0.33533304753170146,0.33533304753170146,-0.1544863549361758,False,True
"Meta Platforms, Inc.",2022-11-04,2022-11-07,1,up,flat,0.1060955036879579,0.559014163274379,0.3348903330376631,0.3348903330376631,-0.22412383023671595,False,False
"Meta Platforms, Inc.",2022-11-07,2022-11-08,1,flat,flat,0.06613924558369469,0.5594426423808169,0.3744181120354885,0.3744181120354885,-0.18502453034532834,False,True
"Meta Platforms, Inc.",2022-11-08,2022-11-09,1,up,flat,0.1208651018202294,0.7139079426739094,0.1652269555058613,0.1652269555058613,-0.5486809871680481,False,False
"Meta Platforms, Inc.",2022-11-09,2022-11-10,1,up,flat,0.08526036090937664,0.5779443011558913,0.3367953379347323,0.3367953379347323,-0.24114896322115903,False,False
"Meta Platforms, Inc.",2022-11-10,2022-11-11,1,flat,flat,0.075739448520594,0.6952370617269699,0.22902348975243605,0.22902348975243605,-0.46621357197453384,False,True
"Meta Platforms, Inc.",2022-11-11,2022-11-14,1,flat,flat,0.12726854854115946,0.7301775938237616,0.142553857635079,0.142553857635079,-0.5876237361886826,False,True
"Meta Platforms, Inc.",2022-11-14,2022-11-15,1,flat,flat,0.14000858357981452,0.7412623673651451,0.11872904905504045,0.14000858357981452,-0.6012537837853306,False,True
"Meta Platforms, Inc.",2022-11-15,2022-11-16,1,flat,flat,0.0995424316535697,0.7601871282455999,0.14027044010083045,0.14027044010083045,-0.6199166881447694,False,True
"Meta Platforms, Inc.",2022-11-16,2022-11-17,1,down,flat,0.21434490801459333,0.680963567110151,0.10469152487525563,0.21434490801459333,-0.4666186590955577,False,False
"Meta Platforms, Inc.",2022-11-17,2022-11-18,1,flat,flat,0.2738586687392858,0.6523999664364275,0.07374136482428659,0.2738586687392858,-0.3785412976971417,False,True
"Meta Platforms, Inc.",2022-11-18,2022-11-21,1,flat,flat,0.11846935568463486,0.7753417673969638,0.10618887691840137,0.11846935568463486,-0.6568724117123289,False,True
"Meta Platforms, Inc.",2022-11-21,2022-11-22,1,flat,flat,0.2012280311339456,0.7209767253623554,0.07779524350369921,0.2012280311339456,-0.5197486942284097,False,True
"Meta Platforms, Inc.",2022-11-22,2022-11-23,1,flat,flat,0.17309861571730417,0.7031699297968736,0.12373145448582215,0.17309861571730417,-0.5300713140795694,False,True
"Meta Platforms, Inc.",2022-11-23,2022-11-25,1,flat,flat,0.0732503927567154,0.8054520007200984,0.12129760652318623,0.12129760652318623,-0.6841543941969122,False,True
"Meta Platforms, Inc.",2022-11-25,2022-11-28,1,flat,flat,0.14901670015876828,0.7114568610088252,0.13952643883240637,0.14901670015876828,-0.5624401608500569,False,True
"Meta Platforms, Inc.",2022-11-28,2022-11-29,1,flat,flat,0.22975401495676723,0.5851271019366753,0.18511888310655747,0.22975401495676723,-0.35537308697990805,False,True
"Meta Platforms, Inc.",2022-11-29,2022-11-30,1,up,flat,0.1783954014663961,0.6563975118571045,0.16520708667649955,0.1783954014663961,-0.4780021103907084,False,False
"Meta Platforms, Inc.",2022-11-30,2022-12-01,1,up,flat,0.08082823829470737,0.6389119049250535,0.2802598567802393,0.2802598567802393,-0.35865204814481416,False,False
"Meta Platforms, Inc.",2022-12-01,2022-12-02,1,flat,flat,0.07685301008235898,0.7019892368691053,0.22115775304853574,0.22115775304853574,-0.48083148382056956,False,True
"Meta Platforms, Inc.",2022-12-02,2022-12-05,1,flat,flat,0.1929372294642717,0.6386608041754018,0.16840196636032645,0.1929372294642717,-0.4457235747111301,False,True
"Meta Platforms, Inc.",2022-12-05,2022-12-06,1,down,flat,0.16344137414587084,0.6776229899137678,0.15893563594036142,0.16344137414587084,-0.5141816157678969,False,False
"Meta Platforms, Inc.",2022-12-06,2022-12-07,1,down,down,0.44114891475736906,0.4176826570374552,0.14116842820517594,0.44114891475736906,0.02346625771991384,True,True
"Meta Platforms, Inc.",2022-12-07,2022-12-08,1,flat,flat,0.32975363696565496,0.5423756526455275,0.12787071038881775,0.32975363696565496,-0.2126220156798725,False,True
"Meta Platforms, Inc.",2022-12-08,2022-12-09,1,flat,flat,0.1596490676103178,0.5836452681274592,0.25670566426222313,0.25670566426222313,-0.3269396038652361,False,True
"Meta Platforms, Inc.",2022-12-09,2022-12-12,1,flat,flat,0.2096062779008335,0.634736822307965,0.15565689979120131,0.2096062779008335,-0.4251305444071315,False,True
"Meta Platforms, Inc.",2022-12-12,2022-12-13,1,up,flat,0.2152534813182248,0.6087178749471251,0.17602864373465027,0.2152534813182248,-0.39346439362890034,False,False
"Meta Platforms, Inc.",2022-12-13,2022-12-14,1,flat,flat,0.07262834254755117,0.5382843123226024,0.38908734512984655,0.38908734512984655,-0.14919696719275588,False,True
"Meta Platforms, Inc.",2022-12-14,2022-12-15,1,down,flat,0.21068319151002377,0.5843580269829007,0.20495878150707558,0.21068319151002377,-0.37367483547287694,False,False
"Meta Platforms, Inc.",2022-12-15,2022-12-16,1,up,flat,0.3632363594819587,0.5052013725488581,0.1315622679691834,0.3632363594819587,-0.1419650130668994,False,False
"Meta Platforms, Inc.",2022-12-16,2022-12-19,1,down,flat,0.1792734645218393,0.4177747772051761,0.40295175827298474,0.40295175827298474,-0.014823018932191345,False,False
"Meta Platforms, Inc.",2022-12-19,2022-12-20,1,flat,flat,0.3961387404010095,0.483707237375239,0.12015402222375163,0.3961387404010095,-0.08756849697422953,False,True
"Meta Platforms, Inc.",2022-12-20,2022-12-21,1,flat,flat,0.24389963379931817,0.5750246161381296,0.1810757500625522,0.24389963379931817,-0.33112498233881144,False,True
"Meta Platforms, Inc.",2022-12-21,2022-12-22,1,flat,flat,0.10338727474637216,0.6815972810257624,0.2150154442278654,0.2150154442278654,-0.46658183679789705,False,True
"Meta Platforms, Inc.",2022-12-22,2022-12-23,1,flat,flat,0.2307062408443667,0.5810742164263683,0.18821954272926536,0.2307062408443667,-0.35036797558200156,False,True
"Meta Platforms, Inc.",2022-12-23,2022-12-27,1,flat,flat,0.15027726022440674,0.6664458961159564,0.18327684365963667,0.18327684365963667,-0.4831690524563197,False,True
"Meta Platforms, Inc.",2022-12-27,2022-12-28,1,flat,flat,0.1727661339315913,0.5977348285634609,0.22949903750494796,0.22949903750494796,-0.368235791058513,False,True
"Meta Platforms, Inc.",2022-12-28,2022-12-29,1,flat,flat,0.1734953810534685,0.6361311882592053,0.1903734306873262,0.1903734306873262,-0.44575775757187913,False,True
"Meta Platforms, Inc.",2022-12-29,2022-12-30,1,flat,flat,0.10533363646876358,0.6621239685933962,0.23254239493784018,0.23254239493784018,-0.429581573655556,False,True
"Meta Platforms, Inc.",2022-12-30,2023-01-03,1,up,flat,0.13527575997018268,0.6744356897075245,0.19028855032229275,0.19028855032229275,-0.4841471393852318,False,False
"Meta Platforms, Inc.",2023-01-03,2023-01-04,1,up,flat,0.08732041417930515,0.5800640088186662,0.33261557700202865,0.33261557700202865,-0.2474484318166375,False,False
"Meta Platforms, Inc.",2023-01-04,2023-01-05,1,flat,flat,0.13047407295890845,0.6297981285510287,0.23972779849006282,0.23972779849006282,-0.39007033006096586,False,True
"Meta Platforms, Inc.",2023-01-05,2023-01-06,1,flat,flat,0.25876153742859576,0.5955378707029546,0.14570059186844966,0.25876153742859576,-0.33677633327435885,False,True
"Meta Platforms, Inc.",2023-01-06,2023-01-09,1,flat,flat,0.146980026346519,0.6348835428955673,0.21813643075791378,0.21813643075791378,-0.4167471121376535,False,True
"Meta Platforms, Inc.",2023-01-09,2023-01-10,1,flat,flat,0.15695748854763603,0.6410398679157161,0.20200264353664799,0.20200264353664799,-0.4390372243790681,False,True
"Meta Platforms, Inc.",2023-01-10,2023-01-11,1,flat,flat,0.29605723603512113,0.5524176507045155,0.15152511326036333,0.29605723603512113,-0.2563604146693944,False,True
"Meta Platforms, Inc.",2023-01-11,2023-01-12,1,up,flat,0.18049002981524895,0.634541825624629,0.184968144560122,0.184968144560122,-0.449573681064507,False,False
"Meta Platforms, Inc.",2023-01-12,2023-01-13,1,flat,flat,0.1712315409577143,0.597908683435563,0.23085977560672272,0.23085977560672272,-0.3670489078288403,False,True
"Meta Platforms, Inc.",2023-01-13,2023-01-17,1,flat,flat,0.1866971648278477,0.6648908754632284,0.1484119597089238,0.1866971648278477,-0.47819371063538074,False,True
"Meta Platforms, Inc.",2023-01-17,2023-01-18,1,flat,flat,0.27694684257075974,0.5836065299144646,0.13944662751477546,0.27694684257075974,-0.30665968734370486,False,True
"Meta Platforms, Inc.",2023-01-18,2023-01-19,1,flat,flat,0.28424145072836,0.5365288899862101,0.17922965928542994,0.28424145072836,-0.2522874392578501,False,True
"Meta Platforms, Inc.",2023-01-19,2023-01-20,1,up,flat,0.270800363022221,0.49033648217355374,0.23886315480422518,0.270800363022221,-0.21953611915133275,False,False
"Meta Platforms, Inc.",2023-01-20,2023-01-23,1,up,flat,0.18945442759027953,0.5393518490064695,0.27119372340325115,0.27119372340325115,-0.26815812560321833,False,False
"Meta Platforms, Inc.",2023-01-23,2023-01-24,1,flat,flat,0.17060069814149204,0.586962037345033,0.24243726451347508,0.24243726451347508,-0.34452477283155797,False,True
"Meta Platforms, Inc.",2023-01-24,2023-01-25,1,flat,flat,0.19863841265596519,0.6158497773677958,0.18551180997623898,0.19863841265596519,-0.4172113647118306,False,True
"Meta Platforms, Inc.",2023-01-25,2023-01-26,1,up,flat,0.33067120914085896,0.48654419524476034,0.18278459561438076,0.33067120914085896,-0.15587298610390138,False,False
"Meta Platforms, Inc.",2023-01-26,2023-01-27,1,up,flat,0.1498251276474111,0.6044915819959784,0.24568329035661052,0.24568329035661052,-0.3588082916393679,False,False
"Meta Platforms, Inc.",2023-01-27,2023-01-30,1,flat,flat,0.21311558744461967,0.5070589200955379,0.27982549245984245,0.27982549245984245,-0.22723342763569543,False,True
"Meta Platforms, Inc.",2023-01-30,2023-01-31,1,flat,flat,0.36678246671944736,0.5036972091432983,0.1295203241372545,0.36678246671944736,-0.13691474242385093,False,True
"Meta Platforms, Inc.",2023-01-31,2023-02-01,1,flat,flat,0.3147410122444272,0.5245254921677422,0.1607334955878306,0.3147410122444272,-0.20978447992331506,False,True
"Meta Platforms, Inc.",2023-02-01,2023-02-02,1,up,flat,0.27452171021679705,0.3710962212418826,0.3543820685413205,0.3543820685413205,-0.01671415270056209,False,False
"Meta Platforms, Inc.",2023-02-02,2023-02-03,1,flat,up,0.1060878252694366,0.32257113590530795,0.5713410388252557,0.5713410388252557,0.24876990291994772,True,False
"Meta Platforms, Inc.",2023-02-03,2023-02-06,1,flat,flat,0.39813404893345605,0.4709283234248146,0.13093762764172945,0.39813404893345605,-0.07279427449135856,False,True
"Meta Platforms, Inc.",2023-02-06,2023-02-07,1,flat,flat,0.34594170282503356,0.5573102845489591,0.09674801262600739,0.34594170282503356,-0.21136858172392559,False,True
"Meta Platforms, Inc.",2023-02-07,2023-02-08,1,flat,flat,0.23538895706749474,0.6456956014087337,0.11891544152377166,0.23538895706749474,-0.410306644341239,False,True
"Meta Platforms, Inc.",2023-02-08,2023-02-09,1,down,flat,0.2731506829276586,0.5981559523820997,0.12869336469024176,0.2731506829276586,-0.32500526945444114,False,False
"Meta Platforms, Inc.",2023-02-09,2023-02-10,1,down,flat,0.35104692099299895,0.5158000117413446,0.1331530672656565,0.35104692099299895,-0.16475309074834565,False,False
"Meta Platforms, Inc.",2023-02-10,2023-02-13,1,flat,flat,0.3701424985794396,0.4997592350882075,0.13009826633235294,0.3701424985794396,-0.12961673650876793,False,True
"Meta Platforms, Inc.",2023-02-13,2023-02-14,1,flat,flat,0.14539322815718753,0.6912754158185105,0.1633313560243022,0.1633313560243022,-0.5279440597942082,False,True
"Meta Platforms, Inc.",2023-02-14,2023-02-15,1,flat,flat,0.13881501479449243,0.7210647397186807,0.14012024548682706,0.14012024548682706,-0.5809444942318536,False,True
"Meta Platforms, Inc.",2023-02-15,2023-02-16,1,flat,flat,0.14549273531290952,0.6963348539931126,0.15817241069397792,0.15817241069397792,-0.5381624432991347,False,True
"Meta Platforms, Inc.",2023-02-16,2023-02-17,1,flat,flat,0.1589323345826213,0.6924460881205525,0.14862157729682632,0.1589323345826213,-0.5335137535379313,False,True
"Meta Platforms, Inc.",2023-02-17,2023-02-21,1,flat,flat,0.12074946422873288,0.6984038354340332,0.18084670033723393,0.18084670033723393,-0.5175571350967992,False,True
"Meta Platforms, Inc.",2023-02-21,2023-02-22,1,flat,flat,0.10006231250977005,0.5928112919880886,0.30712639550214144,0.30712639550214144,-0.28568489648594714,False,True
"Meta Platforms, Inc.",2023-02-22,2023-02-23,1,flat,flat,0.1385850543981891,0.6944793073675788,0.16693563823423196,0.16693563823423196,-0.5275436691333468,False,True
"Meta Platforms, Inc.",2023-02-23,2023-02-24,1,flat,flat,0.08864848910719528,0.746576256307685,0.16477525458511966,0.16477525458511966,-0.5818010017225653,False,True
"Meta Platforms, Inc.",2023-02-24,2023-02-27,1,flat,flat,0.13842887780345867,0.719891952012927,0.14167917018361453,0.14167917018361453,-0.5782127818293125,False,True
"Meta Platforms, Inc.",2023-02-27,2023-02-28,1,flat,flat,0.07697716161626691,0.7467430547954661,0.17627978358826688,0.17627978358826688,-0.5704632712071992,False,True
"Meta Platforms, Inc.",2023-02-28,2023-03-01,1,flat,flat,0.10351459784371504,0.5089482719837702,0.38753713017251473,0.38753713017251473,-0.12141114181125551,False,True
"Meta Platforms, Inc.",2023-03-01,2023-03-02,1,flat,flat,0.18077978851437934,0.6291559748227787,0.19006423666284195,0.19006423666284195,-0.4390917381599368,False,True
"Meta Platforms, Inc.",2023-03-02,2023-03-03,1,up,flat,0.15502924725322703,0.6916556174169743,0.15331513532979862,0.15502924725322703,-0.5366263701637473,False,False
"Meta Platforms, Inc.",2023-03-03,2023-03-06,1,up,up,0.09432649269092466,0.3767847833464434,0.5288887239626321,0.5288887239626321,0.1521039406161887,True,True
"Meta Platforms, Inc.",2023-03-06,2023-03-07,1,flat,flat,0.20902049421611507,0.5261103638279223,0.2648691419559626,0.2648691419559626,-0.2612412218719597,False,True
"Meta Platforms, Inc.",2023-03-07,2023-03-08,1,down,flat,0.3020498970624364,0.5159141796932765,0.18203592324428733,0.3020498970624364,-0.21386428263084006,False,False
"Meta Platforms, Inc.",2023-03-08,2023-03-09,1,flat,flat,0.32365595144321196,0.5200652478276049,0.1562788007291832,0.32365595144321196,-0.19640929638439292,False,True
"Meta Platforms, Inc.",2023-03-09,2023-03-10,1,down,flat,0.2393262327198225,0.5039372797319659,0.25673648754821177,0.25673648754821177,-0.24720079218375413,False,False
"Meta Platforms, Inc.",2023-03-10,2023-03-13,1,flat,flat,0.338026290688162,0.4823264996991382,0.17964720961269998,0.338026290688162,-0.14430020901097623,False,True
"Meta Platforms, Inc.",2023-03-13,2023-03-14,1,up,flat,0.31073704426942805,0.4434148176414028,0.24584813808916908,0.31073704426942805,-0.13267777337197473,False,False
"Meta Platforms, Inc.",2023-03-14,2023-03-15,1,up,up,0.126395256106854,0.3885002732196464,0.4851044706734996,0.4851044706734996,0.09660419745385318,True,True
"Meta Platforms, Inc.",2023-03-15,2023-03-16,1,up,flat,0.2745286898766169,0.4427085157418267,0.2827627943815565,0.2827627943815565,-0.1599457213602702,False,False
"Meta Platforms, Inc.",2023-03-16,2023-03-17,1,flat,flat,0.24074891289615924,0.44849557167763976,0.31075551542620106,0.31075551542620106,-0.1377400562514387,False,True
"Meta Platforms, Inc.",2023-03-17,2023-03-20,1,flat,flat,0.34841438021683446,0.4806503849560711,0.17093523482709463,0.34841438021683446,-0.13223600473923663,False,True
"Meta Platforms, Inc.",2023-03-20,2023-03-21,1,flat,flat,0.2429779178194426,0.58231210109011,0.17470998109044722,0.2429779178194426,-0.3393341832706674,False,True
"Meta Platforms, Inc.",2023-03-21,2023-03-22,1,flat,flat,0.19506322821306127,0.554750312671645,0.2501864591152938,0.2501864591152938,-0.3045638535563512,False,True
"Meta Platforms, Inc.",2023-03-22,2023-03-23,1,flat,flat,0.23570740530517087,0.6209373552764913,0.1433552394183379,0.23570740530517087,-0.38522994997132043,False,True
"Meta Platforms, Inc.",2023-03-23,2023-03-24,1,flat,flat,0.23808999785199436,0.606547147914166,0.15536285423383978,0.23808999785199436,-0.3684571500621716,False,True
"Meta Platforms, Inc.",2023-03-24,2023-03-27,1,flat,flat,0.228118879428009,0.6039847106208731,0.16789640995111793,0.228118879428009,-0.3758658311928641,False,True
"Meta Platforms, Inc.",2023-03-27,2023-03-28,1,down,flat,0.2518369759017337,0.605986125146416,0.1421768989518504,0.2518369759017337,-0.3541491492446823,False,False
"Meta Platforms, Inc.",2023-03-28,2023-03-29,1,flat,flat,0.24487654716066212,0.6036014398976355,0.15152201294170245,0.24487654716066212,-0.3587248927369734,False,True
"Meta Platforms, Inc.",2023-03-29,2023-03-30,1,flat,flat,0.1289059653793655,0.6298152032256352,0.24127883139499928,0.24127883139499928,-0.38853637183063594,False,True
"Meta Platforms, Inc.",2023-03-30,2023-03-31,1,flat,flat,0.2111489727958039,0.5798958370976425,0.20895519010655372,0.2111489727958039,-0.36874686430183856,False,True
"Meta Platforms, Inc.",2023-03-31,2023-04-03,1,flat,flat,0.20793057243030505,0.5135678823698471,0.2785015451998481,0.2785015451998481,-0.23506633716999897,False,True
"Meta Platforms, Inc.",2023-04-03,2023-04-04,1,flat,flat,0.20755240433833777,0.6280936147198006,0.16435398094186165,0.20755240433833777,-0.42054121038146286,False,True
"Meta Platforms, Inc.",2023-04-04,2023-04-05,1,flat,flat,0.2137543337337559,0.5624340575273705,0.2238116087388738,0.2238116087388738,-0.33862244878849673,False,True
"Meta Platforms, Inc.",2023-04-05,2023-04-06,1,flat,flat,0.29187694869205627,0.5470331603676463,0.16108989094029755,0.29187694869205627,-0.25515621167559,False,True
"Meta Platforms, Inc.",2023-04-06,2023-04-10,1,flat,flat,0.27749930881948404,0.5016938790015806,0.2208068121789354,0.27749930881948404,-0.22419457018209654,False,True
"Meta Platforms, Inc.",2023-04-10,2023-04-11,1,flat,flat,0.24570387962291002,0.5589537779664546,0.19534234241063542,0.24570387962291002,-0.3132498983435446,False,True
"Meta Platforms, Inc.",2023-04-11,2023-04-12,1,flat,flat,0.2738459059787391,0.5268193449547527,0.1993347490665082,0.2738459059787391,-0.2529734389760136,False,True
"Meta Platforms, Inc.",2023-04-12,2023-04-13,1,up,flat,0.2967500586383285,0.5102956156305363,0.19295432573113533,0.2967500586383285,-0.21354555699220779,False,False
"Meta Platforms, Inc.",2023-04-13,2023-04-14,1,flat,flat,0.17801873181383882,0.5216128088370651,0.3003684593490962,0.3003684593490962,-0.2212443494879689,False,True
"Meta Platforms, Inc.",2023-04-14,2023-04-17,1,flat,flat,0.19429227729089002,0.5250488634796424,0.2806588592294677,0.2806588592294677,-0.2443900042501747,False,True
"Meta Platforms, Inc.",2023-04-17,2023-04-18,1,flat,flat,0.2154603508808855,0.6070124870004407,0.17752716211867386,0.2154603508808855,-0.39155213611955525,False,True
"Meta Platforms, Inc.",2023-04-18,2023-04-19,1,down,flat,0.23256951745263588,0.5691870794402738,0.19824340310709038,0.23256951745263588,-0.3366175619876379,False,False
"Meta Platforms, Inc.",2023-04-19,2023-04-20,1,flat,flat,0.35784886917238534,0.4589373113797057,0.1832138194479089,0.35784886917238534,-0.10108844220732038,False,True
"Meta Platforms, Inc.",2023-04-20,2023-04-21,1,down,flat,0.259307342268619,0.4813691432703272,0.2593235144610538,0.2593235144610538,-0.22204562880927342,False,False
"Meta Platforms, Inc.",2023-04-21,2023-04-24,1,flat,flat,0.30832174529607903,0.41826334774481666,0.2734149069591044,0.30832174529607903,-0.10994160244873763,False,True
"Meta Platforms, Inc.",2023-04-24,2023-04-25,1,down,flat,0.19004635367334133,0.45563870953298935,0.3543149367936692,0.3543149367936692,-0.10132377273932014,False,False
"Meta Platforms, Inc.",2023-04-25,2023-04-26,1,flat,flat,0.3556790908551406,0.37455726328902483,0.26976364585583473,0.3556790908551406,-0.018878172433884233,False,True
"Meta Platforms, Inc.",2023-04-26,2023-04-27,1,up,up,0.2588108039170828,0.23265746116975308,0.5085317349131641,0.5085317349131641,0.275874273743411,True,True
"Meta Platforms, Inc.",2023-04-27,2023-04-28,1,flat,up,0.09223041070051151,0.3425346841152299,0.5652349051842586,0.5652349051842586,0.22270022106902865,True,False
"Meta Platforms, Inc.",2023-04-28,2023-05-01,1,flat,flat,0.3166738422887043,0.5147584568414012,0.1685677008698946,0.3166738422887043,-0.19808461455269688,False,True
"Meta Platforms, Inc.",2023-05-01,2023-05-02,1,flat,flat,0.33735623963948236,0.5277349839351271,0.1349087764253907,0.33735623963948236,-0.19037874429564472,False,True
"Meta Platforms, Inc.",2023-05-02,2023-05-03,1,down,flat,0.2567011481791873,0.5653585299658884,0.1779403218549243,0.2567011481791873,-0.3086573817867011,False,False
"Meta Platforms, Inc.",2023-05-03,2023-05-04,1,flat,flat,0.40443438955639943,0.4780447894366135,0.11752082100698708,0.40443438955639943,-0.07361039988021406,False,True
"Meta Platforms, Inc.",2023-05-04,2023-05-05,1,flat,flat,0.2900820684983596,0.5794321713698075,0.13048576013183288,0.2900820684983596,-0.2893501028714479,False,True
"Meta Platforms, Inc.",2023-05-05,2023-05-08,1,flat,flat,0.34882891788394627,0.4693688228280287,0.18180225928802526,0.34882891788394627,-0.12053990494408245,False,True
"Meta Platforms, Inc.",2023-05-08,2023-05-09,1,flat,flat,0.18213034913938086,0.6410804580864086,0.17678919277421049,0.18213034913938086,-0.4589501089470277,False,True
"Meta Platforms, Inc.",2023-05-09,2023-05-10,1,flat,flat,0.15078393444766985,0.6833013721385158,0.16591469341381446,0.16591469341381446,-0.5173866787247013,False,True
"Meta Platforms, Inc.",2023-05-10,2023-05-11,1,flat,flat,0.13542716922440878,0.6364264836373033,0.228146347138288,0.228146347138288,-0.4082801364990153,False,True
"Meta Platforms, Inc.",2023-05-11,2023-05-12,1,flat,flat,0.16248967889923016,0.6155005657982984,0.2220097553024714,0.2220097553024714,-0.39349081049582696,False,True
"Meta Platforms, Inc.",2023-05-12,2023-05-15,1,flat,flat,0.14086113040622314,0.6441570042875879,0.21498186530618893,0.21498186530618893,-0.42917513898139903,False,True
"Meta Platforms, Inc.",2023-05-15,2023-05-16,1,flat,flat,0.19195776207034648,0.5638493951501121,0.24419284277954145,0.24419284277954145,-0.31965655237057067,False,True
"Meta Platforms, Inc.",2023-05-16,2023-05-17,1,flat,flat,0.17708354096964382,0.6419054221685839,0.1810110368617724,0.1810110368617724,-0.46089438530681154,False,True
"Meta Platforms, Inc.",2023-05-17,2023-05-18,1,flat,flat,0.24325026980514036,0.5505223486254467,0.206227381569413,0.24325026980514036,-0.3072720788203063,False,True
"Meta Platforms, Inc.",2023-05-18,2023-05-19,1,flat,flat,0.23165732918927312,0.5797531249174317,0.1885895458932953,0.23165732918927312,-0.3480957957281586,False,True
"Meta Platforms, Inc.",2023-05-19,2023-05-22,1,flat,flat,0.24036184212881595,0.6032921479180668,0.15634600995311734,0.24036184212881595,-0.3629303057892509,False,True
"Meta Platforms, Inc.",2023-05-22,2023-05-23,1,flat,flat,0.2492798817866063,0.5676655958284591,0.18305452238493475,0.2492798817866063,-0.3183857140418528,False,True
"Meta Platforms, Inc.",2023-05-23,2023-05-24,1,flat,flat,0.2306655720767409,0.6012354336322743,0.1680989942909849,0.2306655720767409,-0.3705698615555334,False,True
"Meta Platforms, Inc.",2023-05-24,2023-05-25,1,up,flat,0.2463496184140168,0.5960950226954592,0.15755535889052422,0.2463496184140168,-0.3497454042814424,False,False
"Meta Platforms, Inc.",2023-05-25,2023-05-26,1,up,flat,0.21922368270977255,0.5031292896162114,0.27764702767401633,0.27764702767401633,-0.22548226194219506,False,False
"Meta Platforms, Inc.",2023-05-26,2023-05-30,1,up,flat,0.2628015336351403,0.5070545249124951,0.2301439414523646,0.2628015336351403,-0.24425299127735484,False,False
"Meta Platforms, Inc.",2023-05-30,2023-05-31,1,flat,flat,0.25989291283240307,0.5297702183035812,0.21033686886401595,0.25989291283240307,-0.2698773054711781,False,True
"Meta Platforms, Inc.",2023-05-31,2023-06-01,1,up,flat,0.3956958620142963,0.46350346037745715,0.14080067760824655,0.3956958620142963,-0.06780759836316086,False,False
"Meta Platforms, Inc.",2023-06-01,2023-06-02,1,flat,flat,0.30309573632192943,0.4880043588267886,0.20889990485128204,0.30309573632192943,-0.18490862250485918,False,True
"Meta Platforms, Inc.",2023-06-02,2023-06-05,1,flat,flat,0.3016848720229546,0.5465074031814987,0.15180772479554672,0.3016848720229546,-0.24482253115854413,False,True
"Meta Platforms, Inc.",2023-06-05,2023-06-06,1,flat,flat,0.40167790820615346,0.4568477533982836,0.1414743383955631,0.40167790820615346,-0.05516984519213014,False,True
"Meta Platforms, Inc.",2023-06-06,2023-06-07,1,down,flat,0.33196326820644145,0.47081823649898125,0.19721849529457736,0.33196326820644145,-0.1388549682925398,False,False
"Meta Platforms, Inc.",2023-06-07,2023-06-08,1,down,down,0.4341602772381882,0.4219079646300834,0.14393175813172843,0.4341602772381882,0.012252312608104776,True,True
"Meta Platforms, Inc.",2023-06-08,2023-06-09,1,flat,flat,0.34931810307767175,0.5072959444029317,0.14338595251939656,0.34931810307767175,-0.15797784132525994,False,True
"Meta Platforms, Inc.",2023-06-09,2023-06-12,1,up,flat,0.24770935845840264,0.5389617224149503,0.2133289191266472,0.24770935845840264,-0.2912523639565477,False,False
"Meta Platforms, Inc.",2023-06-12,2023-06-13,1,flat,flat,0.14174938804709664,0.5781407848095645,0.28010982714333893,0.28010982714333893,-0.2980309576662256,False,True
"Meta Platforms, Inc.",2023-06-13,2023-06-14,1,flat,flat,0.18846751639052606,0.5450442846570412,0.2664881989524328,0.2664881989524328,-0.27855608570460844,False,True
"Meta Platforms, Inc.",2023-06-14,2023-06-15,1,up,flat,0.27007013938906566,0.4903572095555197,0.2395726510554147,0.27007013938906566,-0.22028707016645405,False,False
"Meta Platforms, Inc.",2023-06-15,2023-06-16,1,up,flat,0.16833947738699878,0.5150313839819646,0.31662913863103676,0.31662913863103676,-0.19840224535092782,False,False
"Meta Platforms, Inc.",2023-06-16,2023-06-20,1,flat,flat,0.20567957764914507,0.42803090967646956,0.3662895126743855,0.3662895126743855,-0.061741397002084086,False,True
"Meta Platforms, Inc.",2023-06-20,2023-06-21,1,flat,flat,0.4014346990929817,0.47292761105799797,0.12563768984902032,0.4014346990929817,-0.07149291196501628,False,True
"Meta Platforms, Inc.",2023-06-21,2023-06-22,1,flat,flat,0.3758300197579877,0.42018517453687115,0.20398480570514127,0.3758300197579877,-0.044355154778883465,False,True
"Meta Platforms, Inc.",2023-06-22,2023-06-23,1,flat,flat,0.34453723446495826,0.486451998797193,0.16901076673784882,0.34453723446495826,-0.1419147643322347,False,True
"Meta Platforms, Inc.",2023-06-23,2023-06-26,1,flat,up,0.30951979729253093,0.24562755918051105,0.4448526435269581,0.4448526435269581,0.19922508434644703,True,False
"Meta Platforms, Inc.",2023-06-26,2023-06-27,1,flat,flat,0.3891950544625489,0.45742804982286156,0.15337689571458968,0.3891950544625489,-0.06823299536031269,False,True
"Meta Platforms, Inc.",2023-06-27,2023-06-28,1,flat,flat,0.32018742231481534,0.45061901941947946,0.22919355826570526,0.32018742231481534,-0.13043159710466412,False,True
"Meta Platforms, Inc.",2023-06-28,2023-06-29,1,flat,flat,0.2830793709282302,0.5400979909539867,0.1768226381177831,0.2830793709282302,-0.2570186200257565,False,True
"Meta Platforms, Inc.",2023-06-29,2023-06-30,1,flat,flat,0.2918324329706283,0.5360238894917758,0.17214367753759602,0.2918324329706283,-0.24419145652114754,False,True
"Meta Platforms, Inc.",2023-06-30,2023-07-03,1,flat,flat,0.2268096788444964,0.4579401888693142,0.3152501322861894,0.3152501322861894,-0.14269005658312478,False,True
"Meta Platforms, Inc.",2023-07-03,2023-07-05,1,up,flat,0.20962703431260604,0.6244184288524188,0.16595453683497505,0.20962703431260604,-0.4147913945398128,False,False
"Meta Platforms, Inc.",2023-07-05,2023-07-06,1,flat,up,0.16686959310901975,0.2874087982281506,0.5457216086628296,0.5457216086628296,0.258312810434679,True,False
"Meta Platforms, Inc.",2023-07-06,2023-07-07,1,flat,flat,0.30219811042643896,0.3624682698076402,0.335333619765921,0.335333619765921,-0.027134650041719166,False,True
"Meta Platforms, Inc.",2023-07-07,2023-07-10,1,flat,flat,0.3436626107625089,0.48298991673039304,0.17334747250709798,0.3436626107625089,-0.13932730596788412,False,True
"Meta Platforms, Inc.",2023-07-10,2023-07-11,1,flat,flat,0.26080016335260364,0.4360433093720413,0.3031565272753552,0.3031565272753552,-0.13288678209668608,False,True
"Meta Platforms, Inc.",2023-07-11,2023-07-12,1,up,flat,0.23818930931432256,0.5335232406300687,0.22828745005560874,0.23818930931432256,-0.29533393131574615,False,False
"Meta Platforms, Inc.",2023-07-12,2023-07-13,1,up,flat,0.20607343400283765,0.49236308350718117,0.3015634824899813,0.3015634824899813,-0.19079960101719984,False,False
"Meta Platforms, Inc.",2023-07-13,2023-07-14,1,flat,flat,0.19941644956329752,0.5906842987605292,0.20989925167617327,0.20989925167617327,-0.3807850470843559,False,True
"Meta Platforms, Inc.",2023-07-14,2023-07-17,1,flat,flat,0.3467361321651682,0.5282955844377522,0.12496828339707983,0.3467361321651682,-0.18155945227258397,False,True
"Meta Platforms, Inc.",2023-07-17,2023-07-18,1,flat,flat,0.36236735638704565,0.4835382535788077,0.15409439003414668,0.36236735638704565,-0.12117089719176205,False,True
"Meta Platforms, Inc.",2023-07-18,2023-07-19,1,flat,flat,0.23812819735003754,0.5771091829814823,0.1847626196684801,0.23812819735003754,-0.33898098563144474,False,True
"Meta Platforms, Inc.",2023-07-19,2023-07-20,1,down,flat,0.26072761267339645,0.5182517089957711,0.22102067833083244,0.26072761267339645,-0.25752409632237466,False,False
"Meta Platforms, Inc.",2023-07-20,2023-07-21,1,down,flat,0.4252008300843052,0.4673511634442921,0.10744800647140285,0.4252008300843052,-0.04215033335998691,False,False
"Meta Platforms, Inc.",2023-07-21,2023-07-24,1,down,down,0.5384951205063804,0.29527412098946887,0.16623075850415087,0.5384951205063804,0.2432209995169115,True,True
"Meta Platforms, Inc.",2023-07-24,2023-07-25,1,flat,flat,0.2631787148544386,0.5478622422960995,0.18895904284946194,0.2631787148544386,-0.28468352744166087,False,True
"Meta Platforms, Inc.",2023-07-25,2023-07-26,1,flat,flat,0.13272414404162522,0.5562290483297961,0.3110468076285787,0.3110468076285787,-0.2451822407012174,False,True
"Meta Platforms, Inc.",2023-07-26,2023-07-27,1,up,up,0.2028743075504114,0.26882426717072316,0.5283014252788655,0.5283014252788655,0.2594771581081423,True,True
"Meta Platforms, Inc.",2023-07-27,2023-07-28,1,flat,up,0.11450220494446273,0.37270560296905264,0.5127921920864846,0.5127921920864846,0.140086589117432,True,False
"Meta Platforms, Inc.",2023-07-28,2023-07-31,1,flat,flat,0.18932536059862037,0.6045228677648707,0.206151771636509,0.206151771636509,-0.39837109612836175,False,True
"Meta Platforms, Inc.",2023-07-31,2023-08-01,1,flat,flat,0.24833608902487794,0.5791909137837707,0.17247299719135137,0.24833608902487794,-0.33085482475889283,False,True
"Meta Platforms, Inc.",2023-08-01,2023-08-02,1,flat,flat,0.2783243426610443,0.5770724375869751,0.1446032197519805,0.2783243426610443,-0.29874809492593085,False,True
"Meta Platforms, Inc.",2023-08-02,2023-08-03,1,flat,flat,0.33683343180060243,0.5334086762499813,0.12975789194941634,0.33683343180060243,-0.1965752444493789,False,True
"Meta Platforms, Inc.",2023-08-03,2023-08-04,1,flat,flat,0.25888502563926213,0.596132222918097,0.14498275144264128,0.25888502563926213,-0.33724719727883484,False,True
"Meta Platforms, Inc.",2023-08-04,2023-08-07,1,flat,flat,0.25297446891317943,0.5706367461246432,0.17638878496217747,0.25297446891317943,-0.3176622772114638,False,True
"Meta Platforms, Inc.",2023-08-07,2023-08-08,1,flat,flat,0.1988871270709186,0.6255707037711336,0.17554216915794796,0.1988871270709186,-0.42668357670021495,False,True
"Meta Platforms, Inc.",2023-08-08,2023-08-09,1,flat,flat,0.17004021782885767,0.6372634285748127,0.1926963535963297,0.1926963535963297,-0.44456707497848297,False,True
"Meta Platforms, Inc.",2023-08-09,2023-08-10,1,flat,flat,0.2544262347758443,0.48768613010151796,0.2578876351226379,0.2578876351226379,-0.22979849497888005,False,True
"Meta Platforms, Inc.",2023-08-10,2023-08-11,1,flat,flat,0.14336871776283489,0.5950130228016436,0.26161825943552164,0.26161825943552164,-0.33339476336612195,False,True
"Meta Platforms, Inc.",2023-08-11,2023-08-14,1,flat,flat,0.16752318794582008,0.6029552596982288,0.2295215523559511,0.2295215523559511,-0.37343370734227777,False,True
"Meta Platforms, Inc.",2023-08-14,2023-08-15,1,flat,flat,0.13109845835342265,0.6112234852180871,0.2576780564284902,0.2576780564284902,-0.35354542878959694,False,True
"Meta Platforms, Inc.",2023-08-15,2023-08-16,1,down,flat,0.10931346808961613,0.6316725667695129,0.2590139651408711,0.2590139651408711,-0.3726586016286418,False,False
"Meta Platforms, Inc.",2023-08-16,2023-08-17,1,down,flat,0.33930900531619024,0.4301050628362634,0.23058593184754633,0.33930900531619024,-0.09079605752007314,False,False
"Meta Platforms, Inc.",2023-08-17,2023-08-18,1,down,flat,0.2831062515579331,0.4733688583477633,0.2435248900943036,0.2831062515579331,-0.1902626067898302,False,False
"Meta Platforms, Inc.",2023-08-18,2023-08-21,1,up,flat,0.33837593638340235,0.37358297183309425,0.28804109178350323,0.33837593638340235,-0.03520703544969189,False,False
"Meta Platforms, Inc.",2023-08-21,2023-08-22,1,flat,flat,0.1094505553305595,0.4602449118736642,0.4303045327957763,0.4303045327957763,-0.02994037907788788,False,True
"Meta Platforms, Inc.",2023-08-22,2023-08-23,1,flat,flat,0.09674159487677639,0.5996054513322335,0.3036529537909902,0.3036529537909902,-0.2959524975412433,False,True
"Meta Platforms, Inc.",2023-08-23,2023-08-24,1,flat,flat,0.16188720335994433,0.47437589374958306,0.36373690289047267,0.36373690289047267,-0.11063899085911039,False,True
"Meta Platforms, Inc.",2023-08-24,2023-08-25,1,down,flat,0.18710571004062274,0.49086767148467836,0.32202661847469893,0.32202661847469893,-0.16884105300997942,False,False
"Meta Platforms, Inc.",2023-08-25,2023-08-28,1,flat,flat,0.3820644542338767,0.40549658017565365,0.21243896559046968,0.3820644542338767,-0.02343212594177696,False,True
"Meta Platforms, Inc.",2023-08-28,2023-08-29,1,flat,flat,0.15151296529714386,0.5245734345866737,0.3239136001161824,0.3239136001161824,-0.2006598344704913,False,True
"Meta Platforms, Inc.",2023-08-29,2023-08-30,1,flat,flat,0.17024475500854985,0.45999979910931127,0.36975544588213893,0.36975544588213893,-0.09024435322717234,False,True
"Meta Platforms, Inc.",2023-08-30,2023-08-31,1,flat,flat,0.21573264336272185,0.5593396506230315,0.2249277060142469,0.2249277060142469,-0.3344119446087846,False,True
"Meta Platforms, Inc.",2023-08-31,2023-09-01,1,flat,flat,0.25831104956438783,0.5141694723249194,0.22751947811069284,0.25831104956438783,-0.25585842276053156,False,True
"Meta Platforms, Inc.",2023-09-01,2023-09-05,1,flat,flat,0.2338955302444783,0.5798622674864948,0.18624220226902696,0.2338955302444783,-0.34596673724201654,False,True
"Meta Platforms, Inc.",2023-09-05,2023-09-06,1,flat,flat,0.2892186858619221,0.48764247343266043,0.22313884070541762,0.2892186858619221,-0.1984237875707383,False,True
"Meta Platforms, Inc.",2023-09-06,2023-09-07,1,flat,flat,0.27418487027709343,0.49937660310020415,0.22643852662270247,0.27418487027709343,-0.22519173282311072,False,True
"Meta Platforms, Inc.",2023-09-07,2023-09-08,1,flat,down,0.4197733174980709,0.25796517795113344,0.3222615045507956,0.4197733174980709,0.16180813954693746,True,False
"Meta Platforms, Inc.",2023-09-08,2023-09-11,1,flat,flat,0.3231354064805887,0.5007537440014972,0.17611084951791411,0.3231354064805887,-0.1776183375209085,False,True
"Meta Platforms, Inc.",2023-09-11,2023-09-12,1,flat,flat,0.15464168087333663,0.4595118783035147,0.38584644082314856,0.38584644082314856,-0.07366543748036614,False,True
"Meta Platforms, Inc.",2023-09-12,2023-09-13,1,flat,flat,0.2325123668285111,0.6064227727939951,0.16106486037749385,0.2325123668285111,-0.3739104059654841,False,True
"Meta Platforms, Inc.",2023-09-13,2023-09-14,1,flat,flat,0.25354489690018145,0.5661612589246822,0.1802938441751365,0.25354489690018145,-0.3126163620245007,False,True
"Meta Platforms, Inc.",2023-09-14,2023-09-15,1,flat,flat,0.15572643842112252,0.47092851174735995,0.37334504983151745,0.37334504983151745,-0.0975834619158425,False,True
"Meta Platforms, Inc.",2023-09-15,2023-09-18,1,down,down,0.40667443253316693,0.3914960841907371,0.20182948327609612,0.40667443253316693,0.015178348342429815,True,True
"Meta Platforms, Inc.",2023-09-18,2023-09-19,1,flat,flat,0.32706735092356826,0.5090537815495344,0.1638788675268975,0.32706735092356826,-0.18198643062596614,False,True
"Meta Platforms, Inc.",2023-09-19,2023-09-20,1,flat,flat,0.19226292093214783,0.47390850694042974,0.33382857212742245,0.33382857212742245,-0.1400799348130073,False,True
"Meta Platforms, Inc.",2023-09-20,2023-09-21,1,down,flat,0.254340490843245,0.5252821204922041,0.22037738866455098,0.254340490843245,-0.2709416296489591,False,False
"Meta Platforms, Inc.",2023-09-21,2023-09-22,1,flat,flat,0.363068851388234,0.4655911921949313,0.17133995641683475,0.363068851388234,-0.10252234080669725,False,True
"Meta Platforms, Inc.",2023-09-22,2023-09-25,1,flat,up,0.17017425714748383,0.36534798207021923,0.46447776078229686,0.46447776078229686,0.09912977871207762,True,False
"Meta Platforms, Inc.",2023-09-25,2023-09-26,1,flat,flat,0.23445673101653922,0.5436185793135702,0.22192468966989065,0.23445673101653922,-0.309161848297031,False,True
"Meta Platforms, Inc.",2023-09-26,2023-09-27,1,flat,flat,0.19679643974732808,0.524374790752516,0.2788287695001559,0.2788287695001559,-0.24554602125236014,False,True
"Meta Platforms, Inc.",2023-09-27,2023-09-28,1,flat,down,0.35313795537961135,0.3270404849084462,0.3198215597119426,0.35313795537961135,0.02609747047116512,True,False
"Meta Platforms, Inc.",2023-09-28,2023-09-29,1,flat,flat,0.15224312859740574,0.4985262448178344,0.3492306265847599,0.3492306265847599,-0.14929561823307452,False,True
"Meta Platforms, Inc.",2023-09-29,2023-10-02,1,flat,flat,0.17272379903963545,0.4484275475534545,0.3788486534069101,0.3788486534069101,-0.06957889414654439,False,True
"Meta Platforms, Inc.",2023-10-02,2023-10-03,1,flat,flat,0.2187965447108687,0.5483214136017227,0.23288204168740878,0.23288204168740878,-0.3154393719143139,False,True
"Meta Platforms, Inc.",2023-10-03,2023-10-04,1,flat,flat,0.29873674873146094,0.49842796738926687,0.2028352838792722,0.29873674873146094,-0.19969121865780592,False,True
"Meta Platforms, Inc.",2023-10-04,2023-10-05,1,flat,flat,0.2663704683753483,0.512963599896261,0.22066593172839083,0.2663704683753483,-0.24659313152091267,False,True
"Meta Platforms, Inc.",2023-10-05,2023-10-06,1,flat,flat,0.24173456889378947,0.517870238779022,0.24039519232718862,0.24173456889378947,-0.2761356698852326,False,True
"Meta Platforms, Inc.",2023-10-06,2023-10-09,1,up,up,0.16675779743232128,0.41022820107367086,0.42301400149400786,0.42301400149400786,0.012785800420337001,True,True
"Meta Platforms, Inc.",2023-10-09,2023-10-10,1,flat,flat,0.15859090173534085,0.5260542567153624,0.3153548415492968,0.3153548415492968,-0.2106994151660656,False,True
"Meta Platforms, Inc.",2023-10-10,2023-10-11,1,flat,flat,0.18893351044632745,0.551797441813367,0.2592690477403057,0.2592690477403057,-0.2925283940730613,False,True
"Meta Platforms, Inc.",2023-10-11,2023-10-12,1,flat,flat,0.23077519012212666,0.5516880016161997,0.21753680826167365,0.23077519012212666,-0.320912811494073,False,True
"Meta Platforms, Inc.",2023-10-12,2023-10-13,1,down,flat,0.3288990431778178,0.48965821404039567,0.1814427427817866,0.3288990431778178,-0.16075917086257785,False,False
"Meta Platforms, Inc.",2023-10-13,2023-10-16,1,flat,flat,0.40937175841274004,0.4663285658532878,0.12429967573397209,0.40937175841274004,-0.05695680744054776,False,True
"Meta Platforms, Inc.",2023-10-16,2023-10-17,1,flat,flat,0.29056973041431416,0.5568336458685708,0.15259662371711522,0.29056973041431416,-0.2662639154542566,False,True
"Meta Platforms, Inc.",2023-10-17,2023-10-18,1,flat,flat,0.2842477507259235,0.5452573785116053,0.17049487076247113,0.2842477507259235,-0.26100962778568176,False,True
"Meta Platforms, Inc.",2023-10-18,2023-10-19,1,flat,flat,0.31127442303968067,0.5243253141036127,0.1644002628567068,0.31127442303968067,-0.21305089106393205,False,True
"Meta Platforms, Inc.",2023-10-19,2023-10-20,1,down,flat,0.3000932433840194,0.521943787052632,0.17796296956334864,0.3000932433840194,-0.22185054366861262,False,False
"Meta Platforms, Inc.",2023-10-20,2023-10-23,1,flat,flat,0.3053110500609304,0.480460285703197,0.21422866423587272,0.3053110500609304,-0.1751492356422666,False,True
"Meta Platforms, Inc.",2023-10-23,2023-10-24,1,flat,flat,0.16503894615579925,0.5398808738512645,0.29508017999293623,0.29508017999293623,-0.24480069385832826,False,True
"Meta Platforms, Inc.",2023-10-24,2023-10-25,1,down,flat,0.14686446386529192,0.4496915480503499,0.40344398808435816,0.40344398808435816,-0.046247559965991725,False,False
"Meta Platforms, Inc.",2023-10-25,2023-10-26,1,down,down,0.5497912305810717,0.1946917363864734,0.255517033032455,0.5497912305810717,0.3550994941945983,True,True
"Meta Platforms, Inc.",2023-10-26,2023-10-27,1,up,down,0.5527011130479865,0.2263232743162366,0.2209756126357769,0.5527011130479865,0.3263778387317499,True,False
"Meta Platforms, Inc.",2023-10-27,2023-10-30,1,up,up,0.1199189950950105,0.4004142424068325,0.479666762498157,0.479666762498157,0.0792525200913245,True,True
"Meta Platforms, Inc.",2023-10-30,2023-10-31,1,flat,up,0.10164613393811046,0.423945691855907,0.4744081742059824,0.4744081742059824,0.05046248235007539,True,False
"Meta Platforms, Inc.",2023-10-31,2023-11-01,1,flat,flat,0.1780765676135763,0.5718908245732679,0.25003260781315595,0.25003260781315595,-0.32185821676011195,False,True
"Meta Platforms, Inc.",2023-11-01,2023-11-02,1,up,flat,0.10316210201106266,0.5184050557097601,0.37843284227917706,0.37843284227917706,-0.13997221343058308,False,False
"Meta Platforms, Inc.",2023-11-02,2023-11-03,1,flat,flat,0.11859958802516331,0.5713652509573315,0.3100351610175053,0.3100351610175053,-0.2613300899398262,False,True
"Meta Platforms, Inc.",2023-11-03,2023-11-06,1,flat,flat,0.19107637802834165,0.6499744637197306,0.15894915825192787,0.19107637802834165,-0.4588980856913889,False,True
"Meta Platforms, Inc.",2023-11-06,2023-11-07,1,flat,flat,0.1627762526895574,0.6722382155038309,0.16498553180661174,0.16498553180661174,-0.5072526836972191,False,True
"Meta Platforms, Inc.",2023-11-07,2023-11-08,1,flat,flat,0.23337711439732023,0.5933109552496719,0.17331193035300796,0.23337711439732023,-0.3599338408523517,False,True
"Meta Platforms, Inc.",2023-11-08,2023-11-09,1,flat,flat,0.25963764739437284,0.6077756100826641,0.13258674252296315,0.25963764739437284,-0.3481379626882913,False,True
"Meta Platforms, Inc.",2023-11-09,2023-11-10,1,flat,flat,0.22688249805933583,0.553632320281125,0.21948518165953934,0.22688249805933583,-0.32674982222178917,False,True
"Meta Platforms, Inc.",2023-11-10,2023-11-13,1,flat,flat,0.23102663231248527,0.5054492286789521,0.2635241390085626,0.2635241390085626,-0.24192508967038956,False,True
"Meta Platforms, Inc.",2023-11-13,2023-11-14,1,up,flat,0.19628812189336212,0.6221050116153908,0.1816068664912472,0.19628812189336212,-0.4258168897220287,False,False
"Meta Platforms, Inc.",2023-11-14,2023-11-15,1,flat,flat,0.1650327393726431,0.6052639154039674,0.22970334522338942,0.22970334522338942,-0.375560570180578,False,True
"Meta Platforms, Inc.",2023-11-15,2023-11-16,1,flat,flat,0.27185631995148274,0.613497059740781,0.11464662030773638,0.27185631995148274,-0.3416407397892982,False,True
"Meta Platforms, Inc.",2023-11-16,2023-11-17,1,flat,flat,0.37698453781054175,0.4519056575020769,0.17110980468738132,0.37698453781054175,-0.07492111969153514,False,True
"Meta Platforms, Inc.",2023-11-17,2023-11-20,1,up,flat,0.267759789014972,0.5733093177256731,0.15893089325935503,0.267759789014972,-0.30554952871070107,False,False
"Meta Platforms, Inc.",2023-11-20,2023-11-21,1,flat,flat,0.2456840613582541,0.5396589119404737,0.21465702670127232,0.2456840613582541,-0.29397485058221956,False,True
"Meta Platforms, Inc.",2023-11-21,2023-11-22,1,flat,flat,0.2731663373998974,0.5848061718540416,0.14202749074606114,0.2731663373998974,-0.3116398344541442,False,True
"Meta Platforms, Inc.",2023-11-22,2023-11-24,1,flat,flat,0.23854338044425527,0.5951715914793652,0.16628502807637957,0.23854338044425527,-0.3566282110351099,False,True
"Meta Platforms, Inc.",2023-11-24,2023-11-27,1,flat,flat,0.2436498289961152,0.6165836291151763,0.13976654188870852,0.2436498289961152,-0.3729338001190611,False,True
"Meta Platforms, Inc.",2023-11-27,2023-11-28,1,flat,flat,0.3194405303157626,0.39556151304764237,0.2849979566365949,0.3194405303157626,-0.07612098273187978,False,True
"Meta Platforms, Inc.",2023-11-28,2023-11-29,1,flat,flat,0.2573013277818469,0.5167410363618519,0.2259576358563014,0.2573013277818469,-0.259439708580005,False,True
"Meta Platforms, Inc.",2023-11-29,2023-11-30,1,down,flat,0.294879623731873,0.47477910761706343,0.23034126865106364,0.294879623731873,-0.17989948388519045,False,False
"Meta Platforms, Inc.",2023-11-30,2023-12-01,1,down,down,0.4454248534936188,0.3404198676323743,0.21415527887400687,0.4454248534936188,0.10500498586124452,True,True
"Meta Platforms, Inc.",2023-12-01,2023-12-04,1,down,flat,0.2806575316430121,0.5041680983088197,0.21517437004816825,0.2806575316430121,-0.2235105666658076,False,False
"Meta Platforms, Inc.",2023-12-04,2023-12-05,1,flat,flat,0.30955198541850215,0.417036472894174,0.2734115416873238,0.30955198541850215,-0.10748448747567185,False,True
"Meta Platforms, Inc.",2023-12-05,2023-12-06,1,flat,flat,0.18693128349330096,0.48433371693817084,0.32873499956852814,0.32873499956852814,-0.1555987173696427,False,True
"Meta Platforms, Inc.",2023-12-06,2023-12-07,1,flat,flat,0.20633207551288868,0.4555683959168282,0.33809952857028314,0.33809952857028314,-0.11746886734654505,False,True
"Meta Platforms, Inc.",2023-12-07,2023-12-08,1,up,up,0.1531130101653127,0.35159575727519343,0.495291232559494,0.495291232559494,0.14369547528430054,True,True
"Meta Platforms, Inc.",2023-12-08,2023-12-11,1,flat,flat,0.09935245252058132,0.4724145061579653,0.42823304132145334,0.42823304132145334,-0.044181464836511974,False,True
"Meta Platforms, Inc.",2023-12-11,2023-12-12,1,flat,up,0.28365759898293474,0.35689910164705574,0.3594432993700095,0.3594432993700095,0.0025441977229537782,True,False
"Meta Platforms, Inc.",2023-12-12,2023-12-13,1,up,flat,0.18121337902239107,0.5339585520207908,0.28482806895681806,0.28482806895681806,-0.24913048306397273,False,False
"Meta Platforms, Inc.",2023-12-13,2023-12-14,1,flat,flat,0.15273028481197917,0.5042503784197907,0.34301933676823027,0.34301933676823027,-0.16123104165156044,False,True
"Meta Platforms, Inc.",2023-12-14,2023-12-15,1,flat,flat,0.34314073780302956,0.45760264638242837,0.19925661581454227,0.34314073780302956,-0.11446190857939881,False,True
"Meta Platforms, Inc.",2023-12-15,2023-12-18,1,up,flat,0.35990995171416285,0.38481129156622407,0.2552787567196131,0.35990995171416285,-0.02490133985206122,False,False
"Meta Platforms, Inc.",2023-12-18,2023-12-19,1,up,flat,0.21254809304201594,0.5507824716523585,0.23666943530562554,0.23666943530562554,-0.31411303634673293,False,False
"Meta Platforms, Inc.",2023-12-19,2023-12-20,1,flat,flat,0.21488160833524117,0.5661883257673186,0.2189300658974403,0.2189300658974403,-0.3472582598698783,False,True
"Meta Platforms, Inc.",2023-12-20,2023-12-21,1,flat,flat,0.36147406492939305,0.47292390599730333,0.16560202907330376,0.36147406492939305,-0.11144984106791028,False,True
"Meta Platforms, Inc.",2023-12-21,2023-12-22,1,flat,flat,0.33045026099369046,0.5219652317338555,0.14758450727245429,0.33045026099369046,-0.191514970740165,False,True
"Meta Platforms, Inc.",2023-12-22,2023-12-26,1,flat,flat,0.2924679244563333,0.5731147263245859,0.134417349219081,0.2924679244563333,-0.28064680186825264,False,True
"Meta Platforms, Inc.",2023-12-26,2023-12-27,1,flat,flat,0.3027782520888691,0.5726932784792532,0.12452846943187791,0.3027782520888691,-0.2699150263903841,False,True
"Meta Platforms, Inc.",2023-12-27,2023-12-28,1,flat,flat,0.3128029634292887,0.5270064742905891,0.16019056228012235,0.3128029634292887,-0.2142035108613004,False,True
"Meta Platforms, Inc.",2023-12-28,2023-12-29,1,flat,flat,0.2621503802463563,0.6161142012890066,0.12173541846463709,0.2621503802463563,-0.35396382104265034,False,True
"Meta Platforms, Inc.",2023-12-29,2024-01-02,1,down,flat,0.3800734127629034,0.4998621771045111,0.12006441013258565,0.3800734127629034,-0.11978876434160768,False,False
"Meta Platforms, Inc.",2024-01-02,2024-01-03,1,flat,flat,0.3771523395515152,0.5057051162250239,0.11714254422346085,0.3771523395515152,-0.12855277667350867,False,True
"Meta Platforms, Inc.",2024-01-03,2024-01-04,1,flat,flat,0.3272777178444205,0.5183051544489937,0.15441712770658567,0.3272777178444205,-0.19102743660457322,False,True
"Meta Platforms, Inc.",2024-01-04,2024-01-05,1,flat,flat,0.2530944048703267,0.5315958066016617,0.2153097885280116,0.2530944048703267,-0.27850140173133503,False,True
"Meta Platforms, Inc.",2024-01-05,2024-01-08,1,up,flat,0.2345263759119756,0.48419743983073205,0.2812761842572923,0.2812761842572923,-0.20292125557343976,False,False
"Meta Platforms, Inc.",2024-01-08,2024-01-09,1,flat,flat,0.18114172597081238,0.5311932798639577,0.2876649941652299,0.2876649941652299,-0.2435282856987278,False,True
"Meta Platforms, Inc.",2024-01-09,2024-01-10,1,up,flat,0.21863878428671077,0.5811970264726877,0.20016418924060156,0.21863878428671077,-0.3625582421859769,False,False
"Meta Platforms, Inc.",2024-01-10,2024-01-11,1,flat,flat,0.18507378813968217,0.45580636428472865,0.35911984757558946,0.35911984757558946,-0.09668651670913919,False,True
"Meta Platforms, Inc.",2024-01-11,2024-01-12,1,flat,flat,0.27866947400378067,0.5490185558205625,0.17231197017565686,0.27866947400378067,-0.2703490818167818,False,True
"Meta Platforms, Inc.",2024-01-12,2024-01-16,1,flat,flat,0.3341927590444391,0.5186733959591904,0.14713384499637058,0.3341927590444391,-0.18448063691475125,False,True
"Meta Platforms, Inc.",2024-01-16,2024-01-17,1,down,flat,0.3520440382362354,0.5553385128018028,0.09261744896196192,0.3520440382362354,-0.20329447456556737,False,False
"Meta Platforms, Inc.",2024-01-17,2024-01-18,1,up,flat,0.3333846999702257,0.5871289379393403,0.07948636209043415,0.3333846999702257,-0.2537442379691146,False,False
"Meta Platforms, Inc.",2024-01-18,2024-01-19,1,up,flat,0.21364873693958877,0.561827116448124,0.22452414661228715,0.22452414661228715,-0.33730296983583685,False,False
"Meta Platforms, Inc.",2024-01-19,2024-01-22,1,flat,flat,0.25377644742403105,0.5270778882881048,0.2191456642878642,0.25377644742403105,-0.2733014408640737,False,True
"Meta Platforms, Inc.",2024-01-22,2024-01-23,1,flat,flat,0.2886087531913737,0.5865210981488538,0.12487014865977256,0.2886087531913737,-0.2979123449574801,False,True
"Meta Platforms, Inc.",2024-01-23,2024-01-24,1,up,flat,0.2738865167870275,0.6135308855950933,0.11258259761787928,0.2738865167870275,-0.33964436880806576,False,False
"Meta Platforms, Inc.",2024-01-24,2024-01-25,1,flat,flat,0.2334553826624891,0.5977353272329315,0.1688092901045793,0.2334553826624891,-0.36427994457044244,False,True
"Meta Platforms, Inc.",2024-01-25,2024-01-26,1,flat,flat,0.2738207827544019,0.6082726780828838,0.11790653916271453,0.2738207827544019,-0.33445189532848185,False,True
"Meta Platforms, Inc.",2024-01-26,2024-01-29,1,flat,flat,0.268679138516281,0.6153663643945348,0.11595449708918412,0.268679138516281,-0.34668722587825385,False,True
"Meta Platforms, Inc.",2024-01-29,2024-01-30,1,flat,flat,0.34644259701884517,0.5044362579260033,0.14912114505515175,0.34644259701884517,-0.15799366090715816,False,True
"Meta Platforms, Inc.",2024-01-30,2024-01-31,1,down,flat,0.3305461542954229,0.552284640269882,0.1171692054346952,0.3305461542954229,-0.2217384859744591,False,False
"Meta Platforms, Inc.",2024-01-31,2024-02-01,1,flat,flat,0.42998177530542436,0.5030469042633438,0.06697132043123177,0.42998177530542436,-0.07306512895791939,False,True
"Meta Platforms, Inc.",2024-02-01,2024-02-02,1,up,flat,0.362457931718136,0.4197265504885863,0.217815517793278,0.362457931718136,-0.05726861877045031,False,False
"Meta Platforms, Inc.",2024-02-02,2024-02-05,1,flat,up,0.1509675335126782,0.3197872043425124,0.5292452621448095,0.5292452621448095,0.2094580578022971,True,False
"Meta Platforms, Inc.",2024-02-05,2024-02-06,1,flat,flat,0.43589948118043986,0.5205839240519962,0.043516594767564025,0.43589948118043986,-0.0846844428715563,False,True
"Meta Platforms, Inc.",2024-02-06,2024-02-07,1,flat,flat,0.4786069590767742,0.4848140592846284,0.03657898163859753,0.4786069590767742,-0.006207100207854199,False,True
"Meta Platforms, Inc.",2024-02-07,2024-02-08,1,flat,flat,0.3525408926611181,0.5854567329895659,0.06200237434931616,0.3525408926611181,-0.2329158403284478,False,True
"Meta Platforms, Inc.",2024-02-08,2024-02-09,1,flat,flat,0.3150201314284119,0.639356052243367,0.0456238163282211,0.3150201314284119,-0.3243359208149551,False,True
"Meta Platforms, Inc.",2024-02-09,2024-02-12,1,flat,flat,0.40048884524981465,0.5600269021160389,0.039484252634146476,0.40048884524981465,-0.15953805686622424,False,True
"Meta Platforms, Inc.",2024-02-12,2024-02-13,1,down,flat,0.45205419383079026,0.5057334949571776,0.04221231121203219,0.45205419383079026,-0.0536793011263873,False,False
"Meta Platforms, Inc.",2024-02-13,2024-02-14,1,up,flat,0.39486902498348636,0.5700926544938485,0.035038320522664916,0.39486902498348636,-0.17522362951036213,False,False
"Meta Platforms, Inc.",2024-02-14,2024-02-15,1,flat,flat,0.15428136735527898,0.7452652624774873,0.10045337016723392,0.15428136735527898,-0.5909838951222083,False,True
"Meta Platforms, Inc.",2024-02-15,2024-02-16,1,flat,flat,0.1962434835277389,0.6551129692204061,0.1486435472518551,0.1962434835277389,-0.45886948569266717,False,True
"Meta Platforms, Inc.",2024-02-16,2024-02-20,1,flat,flat,0.2906011305941637,0.6371598524399903,0.07223901696584595,0.2906011305941637,-0.3465587218458266,False,True
"Meta Platforms, Inc.",2024-02-20,2024-02-21,1,flat,flat,0.23128092683507112,0.7028640549832432,0.06585501818168572,0.23128092683507112,-0.4715831281481721,False,True
"Meta Platforms, Inc.",2024-02-21,2024-02-22,1,up,flat,0.19687053840257276,0.7146598192570008,0.08846964234042648,0.19687053840257276,-0.5177892808544281,False,False
"Meta Platforms, Inc.",2024-02-22,2024-02-23,1,flat,flat,0.15037018334789573,0.6498297870141951,0.19980002963790927,0.19980002963790927,-0.45002975737628587,False,True
"Meta Platforms, Inc.",2024-02-23,2024-02-26,1,flat,flat,0.19117346998252238,0.7159731526217027,0.09285337739577504,0.19117346998252238,-0.5247996826391803,False,True
"Meta Platforms, Inc.",2024-02-26,2024-02-27,1,flat,flat,0.247561861683876,0.693439459957097,0.05899867835902711,0.247561861683876,-0.445877598273221,False,True
"Meta Platforms, Inc.",2024-02-27,2024-02-28,1,flat,flat,0.18924232742292663,0.7336721192122717,0.07708555336480181,0.18924232742292663,-0.544429791789345,False,True
"Meta Platforms, Inc.",2024-02-28,2024-02-29,1,flat,flat,0.18395513057264554,0.7037976495963585,0.112247219830996,0.18395513057264554,-0.5198425190237129,False,True
"Meta Platforms, Inc.",2024-02-29,2024-03-01,1,up,flat,0.2158989717244153,0.6547354901061597,0.12936553816942511,0.2158989717244153,-0.4388365183817444,False,False
"Meta Platforms, Inc.",2024-03-01,2024-03-04,1,flat,flat,0.1779702354377398,0.6832255276828139,0.1388042368794465,0.1779702354377398,-0.505255292245074,False,True
"Meta Platforms, Inc.",2024-03-04,2024-03-05,1,down,flat,0.24791075382798067,0.6371821676933798,0.11490707847863965,0.24791075382798067,-0.3892714138653991,False,False
"Meta Platforms, Inc.",2024-03-05,2024-03-06,1,flat,flat,0.36958848473099004,0.5239287230637126,0.10648279220529736,0.36958848473099004,-0.1543402383327226,False,True
"Meta Platforms, Inc.",2024-03-06,2024-03-07,1,up,flat,0.2248897042722388,0.6012151582046608,0.17389513752310048,0.2248897042722388,-0.37632545393242195,False,False
"Meta Platforms, Inc.",2024-03-07,2024-03-08,1,flat,flat,0.24165863669370807,0.53923141511606,0.219109948190232,0.24165863669370807,-0.2975727784223519,False,True
"Meta Platforms, Inc.",2024-03-08,2024-03-11,1,down,flat,0.3416630660317099,0.5523127919826445,0.10602414198564561,0.3416630660317099,-0.21064972595093456,False,False
"Meta Platforms, Inc.",2024-03-11,2024-03-12,1,flat,down,0.5001322634225701,0.43538350631927863,0.06448423025815125,0.5001322634225701,0.06474875710329148,True,False
"Meta Platforms, Inc.",2024-03-12,2024-03-13,1,flat,flat,0.24274696863000345,0.543912901339773,0.21334013003022348,0.24274696863000345,-0.30116593270976955,False,True
"Meta Platforms, Inc.",2024-03-13,2024-03-14,1,flat,flat,0.20856495663068308,0.6011521240630375,0.19028291930627933,0.20856495663068308,-0.39258716743235444,False,True
"Meta Platforms, Inc.",2024-03-14,2024-03-15,1,down,flat,0.24606678537434662,0.5674492152773887,0.18648399934826487,0.24606678537434662,-0.32138242990304206,False,False
"Meta Platforms, Inc.",2024-03-15,2024-03-18,1,flat,down,0.4137634372501715,0.3485075754089011,0.23772898734092746,0.4137634372501715,0.06525586184127041,True,False
"Meta Platforms, Inc.",2024-03-18,2024-03-19,1,flat,flat,0.16643665791547047,0.5827276762149954,0.2508356658695343,0.2508356658695343,-0.3318920103454611,False,True
"Meta Platforms, Inc.",2024-03-19,2024-03-20,1,up,flat,0.18620321987845184,0.5817673464442981,0.23202943367725015,0.23202943367725015,-0.3497379127670479,False,False
"Meta Platforms, Inc.",2024-03-20,2024-03-21,1,flat,flat,0.12044949112677614,0.5761909066042581,0.3033596022689659,0.3033596022689659,-0.2728313043352922,False,True
"Meta Platforms, Inc.",2024-03-21,2024-03-22,1,flat,flat,0.15421895373437067,0.6281206248755569,0.21766042139007244,0.21766042139007244,-0.4104602034854844,False,True
"Meta Platforms, Inc.",2024-03-22,2024-03-25,1,flat,flat,0.23844581888397004,0.6449729393822554,0.11658124173377474,0.23844581888397004,-0.4065271204982854,False,True
"Meta Platforms, Inc.",2024-03-25,2024-03-26,1,flat,flat,0.26591525597341037,0.6073427662619924,0.12674197776459722,0.26591525597341037,-0.341427510288582,False,True
"Meta Platforms, Inc.",2024-03-26,2024-03-27,1,flat,flat,0.27646423353548466,0.5469701060320865,0.17656566043242886,0.27646423353548466,-0.27050587249660185,False,True
"Meta Platforms, Inc.",2024-03-27,2024-03-28,1,flat,flat,0.3190901412450151,0.5491985246196581,0.13171133413532676,0.3190901412450151,-0.230108383374643,False,True
"Meta Platforms, Inc.",2024-03-28,2024-04-01,1,flat,flat,0.3951118550720658,0.4214848332023064,0.18340331172562788,0.3951118550720658,-0.026372978130240587,False,True
"Meta Platforms, Inc.",2024-04-01,2024-04-02,1,flat,flat,0.2643162094439536,0.5050915036918127,0.23059228686423378,0.2643162094439536,-0.24077529424785904,False,True
"Meta Platforms, Inc.",2024-04-02,2024-04-03,1,up,flat,0.23927224076912534,0.5062152836496998,0.2545124755811748,0.2545124755811748,-0.251702808068525,False,False
"Meta Platforms, Inc.",2024-04-03,2024-04-04,1,up,flat,0.14961266469090795,0.5323121559420898,0.31807517936700225,0.31807517936700225,-0.21423697657508756,False,False
"Meta Platforms, Inc.",2024-04-04,2024-04-05,1,flat,up,0.17598222329951316,0.34530121161885957,0.4787165650816273,0.4787165650816273,0.13341535346276773,True,False
"Meta Platforms, Inc.",2024-04-05,2024-04-08,1,flat,flat,0.2747771108438768,0.5576120298888082,0.16761085926731506,0.2747771108438768,-0.2828349190449314,False,True
"Meta Platforms, Inc.",2024-04-08,2024-04-09,1,down,flat,0.30171713694064095,0.5876878774503662,0.11059498560899275,0.30171713694064095,-0.28597074050972526,False,False
"Meta Platforms, Inc.",2024-04-09,2024-04-10,1,flat,flat,0.3642513590073916,0.5564224464090769,0.07932619458353152,0.3642513590073916,-0.19217108740168531,False,True
"Meta Platforms, Inc.",2024-04-10,2024-04-11,1,flat,flat,0.39985104884308253,0.5186382380867356,0.08151071307018186,0.39985104884308253,-0.11878718924365306,False,True
"Meta Platforms, Inc.",2024-04-11,2024-04-12,1,flat,flat,0.2971660725922019,0.554201699840698,0.14863222756710023,0.2971660725922019,-0.2570356272484961,False,True
"Meta Platforms, Inc.",2024-04-12,2024-04-15,1,flat,flat,0.41477576451528075,0.49236237656345594,0.09286185892126333,0.41477576451528075,-0.07758661204817519,False,True
"Meta Platforms, Inc.",2024-04-15,2024-04-16,1,down,flat,0.3919768061267871,0.47698413560192854,0.13103905827128445,0.3919768061267871,-0.08500732947514145,False,False
"Meta Platforms, Inc.",2024-04-16,2024-04-17,1,flat,flat,0.3019406016910806,0.5135195039252499,0.18453989438366947,0.3019406016910806,-0.2115789022341693,False,True
"Meta Platforms, Inc.",2024-04-17,2024-04-18,1,flat,flat,0.25447091801791366,0.48201072066247275,0.2635183613196136,0.2635183613196136,-0.21849235934285915,False,True
"Meta Platforms, Inc.",2024-04-18,2024-04-19,1,down,flat,0.18874005416865927,0.43179821961456616,0.37946172621677454,0.37946172621677454,-0.05233649339779162,False,False
"Meta Platforms, Inc.",2024-04-19,2024-04-22,1,flat,down,0.3834458064723312,0.3305276227947783,0.2860265707328905,0.3834458064723312,0.052918183677552855,True,False
"Meta Platforms, Inc.",2024-04-22,2024-04-23,1,flat,flat,0.2870948690594201,0.4552715574064228,0.25763357353415717,0.2870948690594201,-0.16817668834700267,False,True
"Meta Platforms, Inc.",2024-04-23,2024-04-24,1,flat,flat,0.1720795959520167,0.4365238031498845,0.3913966008980988,0.3913966008980988,-0.04512720225178568,False,True
"Meta Platforms, Inc.",2024-04-24,2024-04-25,1,down,up,0.2432304981194962,0.28551082511549974,0.4712586767650041,0.4712586767650041,0.18574785164950436,True,False
"Meta Platforms, Inc.",2024-04-25,2024-04-26,1,flat,down,0.5889967670366307,0.3073434554851812,0.10365977747818812,0.5889967670366307,0.2816533115514495,True,False
"Meta Platforms, Inc.",2024-04-26,2024-04-29,1,flat,up,0.17409984236816317,0.35119831471151736,0.47470184292031964,0.47470184292031964,0.12350352820880228,True,False
"Meta Platforms, Inc.",2024-04-29,2024-04-30,1,flat,flat,0.156250058929369,0.47359440945230924,0.3701555316183218,0.3701555316183218,-0.10343887783398742,False,True
"Meta Platforms, Inc.",2024-04-30,2024-05-01,1,flat,flat,0.16451569487035436,0.5144699282023162,0.3210143769273293,0.3210143769273293,-0.19345555127498687,False,True
"Meta Platforms, Inc.",2024-05-01,2024-05-02,1,flat,flat,0.14822888673589524,0.43923076869829525,0.4125403445658095,0.4125403445658095,-0.026690424132485735,False,True
"Meta Platforms, Inc.",2024-05-02,2024-05-03,1,flat,flat,0.1058838029022215,0.5561583936665292,0.3379578034312495,0.3379578034312495,-0.2182005902352797,False,True
"Meta Platforms, Inc.",2024-05-03,2024-05-06,1,flat,flat,0.09820755676792187,0.5662063415786307,0.3355861016534473,0.3355861016534473,-0.23062023992518338,False,True
"Meta Platforms, Inc.",2024-05-06,2024-05-07,1,flat,flat,0.09384010784875607,0.6147548444819768,0.29140504766926717,0.29140504766926717,-0.32334979681270964,False,True
"Meta Platforms, Inc.",2024-05-07,2024-05-08,1,flat,flat,0.14822499620643173,0.6993409503197385,0.15243405347382977,0.15243405347382977,-0.5469068968459088,False,True
"Meta Platforms, Inc.",2024-05-08,2024-05-09,1,flat,flat,0.2080912516029102,0.7024664016678219,0.08944234672926799,0.2080912516029102,-0.49437515006491173,False,True
"Meta Platforms, Inc.",2024-05-09,2024-05-10,1,flat,flat,0.2090850437643751,0.6969317661206054,0.09398319011501965,0.2090850437643751,-0.4878467223562303,False,True
"Meta Platforms, Inc.",2024-05-10,2024-05-13,1,flat,flat,0.24199480575272533,0.6602704713180403,0.09773472292923457,0.24199480575272533,-0.4182756655653149,False,True
"Meta Platforms, Inc.",2024-05-13,2024-05-14,1,flat,flat,0.3347794558966498,0.573672454099799,0.09154809000355128,0.3347794558966498,-0.23889299820314913,False,True
"Meta Platforms, Inc.",2024-05-14,2024-05-15,1,up,flat,0.27595479304757375,0.6424196007340548,0.08162560621837142,0.27595479304757375,-0.36646480768648104,False,False
"Meta Platforms, Inc.",2024-05-15,2024-05-16,1,flat,flat,0.1951868774333873,0.6558299347781458,0.14898318778846698,0.1951868774333873,-0.46064305734475847,False,True
"Meta Platforms, Inc.",2024-05-16,2024-05-17,1,flat,flat,0.27648572478564093,0.6149728115459555,0.10854146366840342,0.27648572478564093,-0.3384870867603146,False,True
"Meta Platforms, Inc.",2024-05-17,2024-05-20,1,flat,flat,0.2854137114431611,0.6241788382571836,0.09040745029965544,0.2854137114431611,-0.3387651268140225,False,True
"Meta Platforms, Inc.",2024-05-20,2024-05-21,1,flat,flat,0.22543292943110685,0.6479406064006243,0.12662646416826895,0.22543292943110685,-0.4225076769695175,False,True
"Meta Platforms, Inc.",2024-05-21,2024-05-22,1,flat,flat,0.24095239428905196,0.638242912473642,0.12080469323730608,0.24095239428905196,-0.39729051818459,False,True
"Meta Platforms, Inc.",2024-05-22,2024-05-23,1,flat,flat,0.21428573472936693,0.6103522026585922,0.1753620626120408,0.21428573472936693,-0.3960664679292253,False,True
"Meta Platforms, Inc.",2024-05-23,2024-05-24,1,flat,flat,0.2902775593117243,0.5365760488978175,0.1731463917904582,0.2902775593117243,-0.24629848958609324,False,True
"Meta Platforms, Inc.",2024-05-24,2024-05-28,1,flat,flat,0.2667211220917646,0.5323658460058631,0.20091303190237236,0.2667211220917646,-0.26564472391409855,False,True
"Meta Platforms, Inc.",2024-05-28,2024-05-29,1,flat,flat,0.280786535181953,0.41304220809877,0.3061712567192771,0.3061712567192771,-0.10687095137949293,False,True
"Meta Platforms, Inc.",2024-05-29,2024-05-30,1,down,flat,0.3572269544197919,0.5001719707390255,0.14260107484118253,0.3572269544197919,-0.14294501631923362,False,False
"Meta Platforms, Inc.",2024-05-30,2024-05-31,1,down,flat,0.4150546460209485,0.4479462423405137,0.13699911163853773,0.4150546460209485,-0.03289159631956523,False,False
"Meta Platforms, Inc.",2024-05-31,2024-06-03,1,up,down,0.47416646749726976,0.3391759768620886,0.18665755564064165,0.47416646749726976,0.13499049063518115,True,False
"Meta Platforms, Inc.",2024-06-03,2024-06-04,1,flat,flat,0.2671901451364949,0.45631991345539524,0.2764899414081099,0.2764899414081099,-0.17982997204728535,False,True
"Meta Platforms, Inc.",2024-06-04,2024-06-05,1,up,flat,0.33484275577675743,0.4963256091651243,0.16883163505811832,0.33484275577675743,-0.16148285338836688,False,False
"Meta Platforms, Inc.",2024-06-05,2024-06-06,1,flat,up,0.2410257926238007,0.3247884780154794,0.4341857293607201,0.4341857293607201,0.1093972513452407,True,False
"Meta Platforms, Inc.",2024-06-06,2024-06-07,1,flat,flat,0.29625688210215295,0.5442559198711222,0.15948719802672473,0.29625688210215295,-0.24799903776896925,False,True
"Meta Platforms, Inc.",2024-06-07,2024-06-10,1,flat,flat,0.3372898762738614,0.5497672785205547,0.11294284520558381,0.3372898762738614,-0.21247740224669331,False,True
"Meta Platforms, Inc.",2024-06-10,2024-06-11,1,flat,flat,0.2673796283448493,0.6088318199857333,0.12378855166941757,0.2673796283448493,-0.34145219164088403,False,True
"Meta Platforms, Inc.",2024-06-11,2024-06-12,1,up,flat,0.2731795966781463,0.6012433364679619,0.12557706685389183,0.2731795966781463,-0.3280637397898156,False,False
"Meta Platforms, Inc.",2024-06-12,2024-06-13,1,flat,flat,0.30221549978287293,0.5859387576016734,0.11184574261545382,0.30221549978287293,-0.2837232578188004,False,True
"Meta Platforms, Inc.",2024-06-13,2024-06-14,1,flat,flat,0.3738355578895777,0.5672168019760017,0.05894764013442089,0.3738355578895777,-0.193381244086424,False,True
"Meta Platforms, Inc.",2024-06-14,2024-06-15,1,flat,flat,0.35026806241374286,0.5802903008762618,0.06944163670999556,0.35026806241374286,-0.2300222384625189,False,True
Microsoft Corporation,2021-07-27,2021-07-28,1,flat,flat,0.3504086297455502,0.418532762616518,0.23105860763793146,0.3504086297455502,-0.0681241328709678,False,True
Microsoft Corporation,2021-07-28,2021-07-29,1,flat,flat,0.26217604245876325,0.4149657434731171,0.32285821406811915,0.32285821406811915,-0.09210752940499795,False,True
Microsoft Corporation,2021-07-29,2021-07-30,1,flat,flat,0.1875954689215486,0.468777667259285,0.34362686381916613,0.34362686381916613,-0.12515080344011886,False,True
Microsoft Corporation,2021-07-30,2021-08-02,1,flat,flat,0.26524674004849735,0.4163830973195429,0.3183701626319592,0.3183701626319592,-0.09801293468758371,False,True
Microsoft Corporation,2021-08-02,2021-08-03,1,flat,up,0.1851722487496607,0.39335792762069843,0.4214698236296406,0.4214698236296406,0.02811189600894215,True,False
Microsoft Corporation,2021-08-03,2021-08-04,1,flat,up,0.19352387817763517,0.38311002733761773,0.4233660944847467,0.4233660944847467,0.04025606714712898,True,False
Microsoft Corporation,2021-08-04,2021-08-05,1,flat,up,0.2013085550119849,0.37859273839611335,0.4200987065919014,0.4200987065919014,0.04150596819578806,True,False
Microsoft Corporation,2021-08-05,2021-08-06,1,flat,up,0.14204559363170507,0.38675248752023184,0.47120191884806295,0.47120191884806295,0.08444943132783111,True,False
Microsoft Corporation,2021-08-06,2021-08-09,1,flat,up,0.21366077196743571,0.3712365271410959,0.41510270089146806,0.41510270089146806,0.04386617375037216,True,False
Microsoft Corporation,2021-08-09,2021-08-10,1,down,up,0.1845132791263348,0.3922651032979294,0.42322161757573545,0.42322161757573545,0.030956514277806046,True,False
Microsoft Corporation,2021-08-10,2021-08-11,1,flat,flat,0.2467303816537411,0.4344476170943159,0.3188220012519426,0.3188220012519426,-0.1156256158423733,False,True
Microsoft Corporation,2021-08-11,2021-08-12,1,flat,up,0.17326475232083782,0.41314091408166936,0.41359433359749254,0.41359433359749254,0.0004534195158231724,True,False
Microsoft Corporation,2021-08-12,2021-08-13,1,up,up,0.17228410780020154,0.3884975592634803,0.43921833293631796,0.43921833293631796,0.05072077367283767,True,True
Microsoft Corporation,2021-08-13,2021-08-16,1,flat,up,0.15221227533580575,0.37280948681061776,0.4749782378535762,0.4749782378535762,0.10216875104295842,True,False
Microsoft Corporation,2021-08-16,2021-08-17,1,flat,up,0.20161970975244745,0.3050430367265882,0.49333725352096425,0.49333725352096425,0.18829421679437602,True,False
Microsoft Corporation,2021-08-17,2021-08-18,1,flat,flat,0.2265671809019541,0.43605984811876364,0.3373729709792818,0.3373729709792818,-0.09868687713948182,False,True
Microsoft Corporation,2021-08-18,2021-08-19,1,flat,flat,0.26028320347884804,0.389008341619139,0.3507084549020125,0.3507084549020125,-0.038299886717126475,False,True
Microsoft Corporation,2021-08-19,2021-08-20,1,up,up,0.2380446705044029,0.31169316864173097,0.4502621608538658,0.4502621608538658,0.1385689922121348,True,True
Microsoft Corporation,2021-08-20,2021-08-23,1,flat,up,0.18357998061447492,0.30228765877755054,0.5141323606079743,0.5141323606079743,0.21184470183042375,True,False
Microsoft Corporation,2021-08-23,2021-08-24,1,flat,flat,0.28282952013552254,0.42054010949899245,0.2966303703654848,0.2966303703654848,-0.12390973913350767,False,True
Microsoft Corporation,2021-08-24,2021-08-25,1,flat,flat,0.22168470389336262,0.4877655063244053,0.2905497897822318,0.2905497897822318,-0.1972157165421735,False,True
Microsoft Corporation,2021-08-25,2021-08-26,1,down,flat,0.2678799319514171,0.4773587737547117,0.25476129429387073,0.2678799319514171,-0.20947884180329457,False,False
Microsoft Corporation,2021-08-26,2021-08-27,1,flat,flat,0.26583398928859064,0.4644021682064682,0.2697638425049408,0.2697638425049408,-0.1946383257015274,False,True
Microsoft Corporation,2021-08-27,2021-08-30,1,up,flat,0.2762993988305825,0.41412697653619357,0.30957362463322347,0.30957362463322347,-0.1045533519029701,False,False
Microsoft Corporation,2021-08-30,2021-08-31,1,flat,up,0.16578309451122258,0.3979979482196361,0.436218957269141,0.436218957269141,0.03822100904950493,True,False
Microsoft Corporation,2021-08-31,2021-09-01,1,flat,up,0.3406066388041937,0.3001703077132809,0.35922305348252526,0.35922305348252526,0.05905274576924435,True,False
Microsoft Corporation,2021-09-01,2021-09-02,1,flat,flat,0.1836141901525619,0.4270330636976465,0.3893527461497913,0.3893527461497913,-0.03768031754785517,False,True
Microsoft Corporation,2021-09-02,2021-09-03,1,flat,flat,0.22198349426240188,0.4693946144439629,0.30862189129363493,0.30862189129363493,-0.16077272315032798,False,True
Microsoft Corporation,2021-09-03,2021-09-07,1,flat,flat,0.21546363778664535,0.4516470724003039,0.33288928981305044,0.33288928981305044,-0.11875778258725345,False,True
Microsoft Corporation,2021-09-07,2021-09-08,1,flat,flat,0.2917811889977368,0.39999706803803076,0.308221742964232,0.308221742964232,-0.09177532507379876,False,True
Microsoft Corporation,2021-09-08,2021-09-09,1,flat,flat,0.235708858122985,0.4236425389828128,0.34064860289420196,0.34064860289420196,-0.08299393608861083,False,True
Microsoft Corporation,2021-09-09,2021-09-10,1,flat,up,0.25535115109820994,0.35585229257169426,0.38879655633009536,0.38879655633009536,0.03294426375840109,True,False
Microsoft Corporation,2021-09-10,2021-09-13,1,flat,flat,0.23489151079129322,0.4274041232290222,0.3377043659796842,0.3377043659796842,-0.08969975724933804,False,True
Microsoft Corporation,2021-09-13,2021-09-14,1,up,up,0.23446565162269362,0.3561727736173317,0.40936157475997426,0.40936157475997426,0.05318880114264257,True,True
Microsoft Corporation,2021-09-14,2021-09-15,1,up,up,0.14158140385310655,0.2981136435790245,0.5603049525678689,0.5603049525678689,0.26219130898884446,True,True
Microsoft Corporation,2021-09-15,2021-09-16,1,flat,up,0.16765434432306836,0.31495416844644736,0.5173914872304841,0.5173914872304841,0.20243731878403676,True,False
Microsoft Corporation,2021-09-16,2021-09-17,1,flat,flat,0.18413989593739044,0.4431741487940716,0.37268595526853776,0.37268595526853776,-0.07048819352553382,False,True
Microsoft Corporation,2021-09-17,2021-09-20,1,down,flat,0.31296429708028917,0.3793872128734743,0.3076484900462361,0.31296429708028917,-0.06642291579318516,False,False
Microsoft Corporation,2021-09-20,2021-09-21,1,flat,flat,0.31665656609844495,0.3860742292928475,0.2972692046087071,0.31665656609844495,-0.06941766319440257,False,True
Microsoft Corporation,2021-09-21,2021-09-22,1,flat,up,0.15523701641855486,0.3223497546621368,0.5224132289193082,0.5224132289193082,0.20006347425717141,True,False
Microsoft Corporation,2021-09-22,2021-09-23,1,flat,up,0.18807990917526024,0.26340057435929726,0.5485195164654425,0.5485195164654425,0.28511894210614525,True,False
Microsoft Corporation,2021-09-23,2021-09-24,1,flat,up,0.1922434434268085,0.3623599784377499,0.4453965781354412,0.4453965781354412,0.08303659969769128,True,False
Microsoft Corporation,2021-09-24,2021-09-27,1,down,flat,0.21088393746082568,0.4213892965038604,0.3677267660353136,0.3677267660353136,-0.0536625304685468,False,False
Microsoft Corporation,2021-09-27,2021-09-28,1,down,flat,0.299339622706732,0.3535472032083421,0.34711317408492554,0.34711317408492554,-0.0064340291234165625,False,False
Microsoft Corporation,2021-09-28,2021-09-29,1,flat,down,0.38223829140449783,0.29337946358568545,0.32438224500981655,0.38223829140449783,0.08885882781881238,True,False
Microsoft Corporation,2021-09-29,2021-09-30,1,flat,up,0.16478146167375227,0.3872235133412676,0.4479950249849799,0.4479950249849799,0.060771511643712306,True,False
Microsoft Corporation,2021-09-30,2021-10-01,1,flat,up,0.17153041184277346,0.34002108588626384,0.4884485022709624,0.4884485022709624,0.14842741638469859,True,False
Microsoft Corporation,2021-10-01,2021-10-04,1,flat,up,0.16246348557678528,0.28453415470593996,0.5530023597172746,0.5530023597172746,0.26846820501133467,True,False
Microsoft Corporation,2021-10-04,2021-10-05,1,flat,up,0.2104178089567467,0.3285027204242831,0.46107947061897003,0.46107947061897003,0.13257675019468695,True,False
Microsoft Corporation,2021-10-05,2021-10-06,1,flat,up,0.1550034858466987,0.34251025350819203,0.502486260645109,0.502486260645109,0.159976007136917,True,False
Microsoft Corporation,2021-10-06,2021-10-07,1,up,up,0.19625353144766217,0.3449056931994942,0.45884077535284334,0.45884077535284334,0.11393508215334913,True,True
Microsoft Corporation,2021-10-07,2021-10-08,1,flat,flat,0.13448405812197795,0.4799410976299502,0.3855748442480713,0.3855748442480713,-0.09436625338187887,False,True
Microsoft Corporation,2021-10-08,2021-10-11,1,flat,flat,0.21008407421665692,0.5214281403781933,0.26848778540514945,0.26848778540514945,-0.25294035497304385,False,True
Microsoft Corporation,2021-10-11,2021-10-12,1,flat,flat,0.22483270199764538,0.5091041906072462,0.2660631073951082,0.2660631073951082,-0.24304108321213802,False,True
Microsoft Corporation,2021-10-12,2021-10-13,1,flat,flat,0.200479731463235,0.5006393174471558,0.2988809510896088,0.2988809510896088,-0.20175836635754701,False,True
Microsoft Corporation,2021-10-13,2021-10-14,1,up,flat,0.18614845536080504,0.4117309883645456,0.402120556274649,0.402120556274649,-0.009610432089896592,False,False
Microsoft Corporation,2021-10-14,2021-10-15,1,flat,up,0.15728552827082362,0.41747566702360195,0.4252388047055742,0.4252388047055742,0.007763137681972232,True,False
Microsoft Corporation,2021-10-15,2021-10-18,1,flat,flat,0.19553401065852494,0.4447305554482798,0.35973543389319496,0.35973543389319496,-0.08499512155508482,False,True
Microsoft Corporation,2021-10-18,2021-10-19,1,flat,flat,0.16220765337287493,0.46306164050888854,0.3747307061182362,0.3747307061182362,-0.08833093439065232,False,True
Microsoft Corporation,2021-10-19,2021-10-20,1,flat,flat,0.15148890336790083,0.48838309065934893,0.36012800597274996,0.36012800597274996,-0.12825508468659896,False,True
Microsoft Corporation,2021-10-20,2021-10-21,1,flat,flat,0.21259248297955152,0.5195444697624436,0.26786304725800486,0.26786304725800486,-0.25168142250443876,False,True
Microsoft Corporation,2021-10-21,2021-10-22,1,flat,flat,0.211122909158328,0.5077146192579286,0.28116247158374325,0.28116247158374325,-0.22655214767418536,False,True
Microsoft Corporation,2021-10-22,2021-10-25,1,flat,flat,0.21772024567137965,0.492923546400317,0.28935620792830297,0.28935620792830297,-0.20356733847201403,False,True
Microsoft Corporation,2021-10-25,2021-10-26,1,flat,flat,0.25702358266320524,0.5091830499228236,0.23379336741397083,0.25702358266320524,-0.25215946725961835,False,True
Microsoft Corporation,2021-10-26,2021-10-27,1,up,up,0.23392646815642515,0.2767602218408123,0.4893133100027625,0.4893133100027625,0.21255308816195023,True,True
Microsoft Corporation,2021-10-27,2021-10-28,1,up,up,0.22494419101261592,0.29518358923693494,0.47987221975044897,0.47987221975044897,0.18468863051351403,True,True
Microsoft Corporation,2021-10-28,2021-10-29,1,up,flat,0.2888503119176805,0.46261137146567544,0.24853831661664388,0.2888503119176805,-0.17376105954799492,False,False
Microsoft Corporation,2021-10-29,2021-11-01,1,flat,flat,0.30739451004544616,0.38330037555678576,0.309305114397768,0.309305114397768,-0.07399526115901778,False,True
Microsoft Corporation,2021-11-01,2021-11-02,1,flat,flat,0.3337797654013084,0.4032410418881246,0.2629791927105669,0.3337797654013084,-0.06946127648681621,False,True
Microsoft Corporation,2021-11-02,2021-11-03,1,flat,flat,0.33173228688866097,0.40818838083276787,0.26007933227857105,0.33173228688866097,-0.0764560939441069,False,True
Microsoft Corporation,2021-11-03,2021-11-04,1,flat,flat,0.26894900786861753,0.45657682956360746,0.2744741625677748,0.2744741625677748,-0.18210266699583266,False,True
Microsoft Corporation,2021-11-04,2021-11-05,1,flat,flat,0.3361109685550173,0.4451540422830653,0.2187349891619171,0.3361109685550173,-0.109043073728048,False,True
Microsoft Corporation,2021-11-05,2021-11-08,1,flat,flat,0.2373637620098803,0.44152280834907187,0.3211134296410474,0.3211134296410474,-0.12040937870802448,False,True
Microsoft Corporation,2021-11-08,2021-11-09,1,flat,flat,0.24499604325521618,0.4788783682751108,0.2761255884696727,0.2761255884696727,-0.2027527798054381,False,True
Microsoft Corporation,2021-11-09,2021-11-10,1,down,flat,0.2703269103631253,0.4550984200210546,0.2745746696158197,0.2745746696158197,-0.18052375040523488,False,False
Microsoft Corporation,2021-11-10,2021-11-11,1,flat,flat,0.3499216918470487,0.43565232804605575,0.21442598010689515,0.3499216918470487,-0.08573063619900706,False,True
Microsoft Corporation,2021-11-11,2021-11-12,1,up,flat,0.23574280435006917,0.4470077993287317,0.31724939632119886,0.31724939632119886,-0.12975840300753283,False,False
Microsoft Corporation,2021-11-12,2021-11-15,1,flat,up,0.2380382895134024,0.308361269525874,0.4536004409607234,0.4536004409607234,0.14523917143484938,True,False
Microsoft Corporation,2021-11-15,2021-11-16,1,flat,flat,0.21312459972840053,0.4335179699181659,0.35335743035343326,0.35335743035343326,-0.08016053956473262,False,True
Microsoft Corporation,2021-11-16,2021-11-17,1,flat,flat,0.24645717286426116,0.3996614543001836,0.3538813728355549,0.3538813728355549,-0.04578008146462875,False,True
Microsoft Corporation,2021-11-17,2021-11-18,1,flat,flat,0.1913129009844703,0.4160357654065423,0.39265133360898713,0.39265133360898713,-0.023384431797555172,False,True
Microsoft Corporation,2021-11-18,2021-11-19,1,up,flat,0.28642185945744025,0.4321950470747065,0.28138309346785295,0.28642185945744025,-0.14577318761726626,False,False
Microsoft Corporation,2021-11-19,2021-11-22,1,flat,flat,0.1744424622943247,0.4490136705143005,0.37654386719137434,0.37654386719137434,-0.07246980332292619,False,True
Microsoft Corporation,2021-11-22,2021-11-23,1,down,down,0.3710197645418085,0.33659955978692635,0.2923806756712649,0.3710197645418085,0.03442020475488217,True,True
Microsoft Corporation,2021-11-23,2021-11-24,1,flat,flat,0.33415534284791415,0.4186383641360453,0.24720629301604027,0.33415534284791415,-0.08448302128813118,False,True
Microsoft Corporation,2021-11-24,2021-11-26,1,down,up,0.16791559274047219,0.3986857779288223,0.4333986293307052,0.4333986293307052,0.034712851401882905,True,False
Microsoft Corporation,2021-11-26,2021-11-29,1,up,flat,0.2263116157476363,0.3915894046397205,0.3820989796126428,0.3820989796126428,-0.009490425027077698,False,False
Microsoft Corporation,2021-11-29,2021-11-30,1,down,up,0.14943029147534836,0.29175163672528376,0.5588180717993676,0.5588180717993676,0.26706643507408384,True,False
Microsoft Corporation,2021-11-30,2021-12-01,1,flat,up,0.2714660617271323,0.35448871006082117,0.37404522821204617,0.37404522821204617,0.019556518151225,True,False
Microsoft Corporation,2021-12-01,2021-12-02,1,down,up,0.19632772801683906,0.33523623584593343,0.4684360361372272,0.4684360361372272,0.13319980029129375,True,False
Microsoft Corporation,2021-12-02,2021-12-03,1,down,up,0.2211900300565876,0.38850927872358754,0.3903006912198246,0.3903006912198246,0.0017914124962370437,True,False
Microsoft Corporation,2021-12-03,2021-12-06,1,flat,up,0.24757604355446639,0.37159024289024495,0.38083371355528817,0.38083371355528817,0.009243470665043219,True,False
Microsoft Corporation,2021-12-06,2021-12-07,1,up,up,0.19319819152015139,0.356655351137216,0.4501464573426322,0.4501464573426322,0.09349110620541617,True,True
Microsoft Corporation,2021-12-07,2021-12-08,1,flat,up,0.13763816765968365,0.3047684738039557,0.5575933585363604,0.5575933585363604,0.25282488473240466,True,False
Microsoft Corporation,2021-12-08,2021-12-09,1,flat,flat,0.1777260993552054,0.4372757610222612,0.38499813962253326,0.38499813962253326,-0.052277621399727914,False,True
Microsoft Corporation,2021-12-09,2021-12-10,1,up,flat,0.17258503467120792,0.44574172048440863,0.3816732448443831,0.3816732448443831,-0.06406847564002555,False,False
Microsoft Corporation,2021-12-10,2021-12-13,1,flat,up,0.1500117187428726,0.34106311115464566,0.5089251701024815,0.5089251701024815,0.16786205894783585,True,False
Microsoft Corporation,2021-12-13,2021-12-14,1,down,flat,0.20362888366068094,0.3992409008943735,0.3971302154449453,0.3971302154449453,-0.0021106854494281624,False,False
Microsoft Corporation,2021-12-14,2021-12-15,1,flat,down,0.42130365225986155,0.39009853349850376,0.18859781424163438,0.42130365225986155,0.031205118761357786,True,False
Microsoft Corporation,2021-12-15,2021-12-16,1,flat,up,0.15393213465538513,0.38593135284625785,0.46013651249835663,0.46013651249835663,0.07420515965209878,True,False
Microsoft Corporation,2021-12-16,2021-12-17,1,down,flat,0.19073985334614915,0.40986623075091766,0.39939391590293283,0.39939391590293283,-0.010472314847984832,False,False
Microsoft Corporation,2021-12-17,2021-12-20,1,flat,up,0.2897845023596213,0.347007232399769,0.36320826524060945,0.36320826524060945,0.016201032840840457,True,False
Microsoft Corporation,2021-12-20,2021-12-21,1,flat,up,0.15183479183267284,0.3989278727465665,0.4492373354207603,0.4492373354207603,0.05030946267419378,True,False
Microsoft Corporation,2021-12-21,2021-12-22,1,up,up,0.12676926651500525,0.3798550671678438,0.4933756663171506,0.4933756663171506,0.11352059914930679,True,True
Microsoft Corporation,2021-12-22,2021-12-23,1,flat,up,0.13179270122964662,0.4104886217499584,0.45771867702039465,0.45771867702039465,0.04723005527043622,True,False
Microsoft Corporation,2021-12-23,2021-12-27,1,flat,flat,0.12450030729898395,0.4821535396169915,0.3933461530840242,0.3933461530840242,-0.08880738653296727,False,True
Microsoft Corporation,2021-12-27,2021-12-28,1,flat,flat,0.14614719475777815,0.5194407772743368,0.33441202796788466,0.33441202796788466,-0.18502874930645213,False,True
Microsoft Corporation,2021-12-28,2021-12-29,1,flat,flat,0.16428012908422623,0.5187994491618505,0.3169204217539229,0.3169204217539229,-0.20187902740792762,False,True
Microsoft Corporation,2021-12-29,2021-12-30,1,flat,flat,0.19657729801903578,0.5529045151291928,0.25051818685177135,0.25051818685177135,-0.30238632827742146,False,True
Microsoft Corporation,2021-12-30,2021-12-31,1,flat,flat,0.2329085579985446,0.5406066401243135,0.22648480187714162,0.2329085579985446,-0.3076980821257689,False,True
Microsoft Corporation,2021-12-31,2022-01-03,1,flat,flat,0.23358557647872347,0.4892271166705252,0.2771873068507508,0.2771873068507508,-0.21203980981977438,False,True
Microsoft Corporation,2022-01-03,2022-01-04,1,flat,flat,0.25183452972320164,0.4118067669449225,0.33635870333187545,0.33635870333187545,-0.07544806361304707,False,True
Microsoft Corporation,2022-01-04,2022-01-05,1,down,up,0.22547786131784017,0.38531938578077496,0.3892027529013846,0.3892027529013846,0.00388336712060966,True,False
Microsoft Corporation,2022-01-05,2022-01-06,1,down,up,0.32506184091130297,0.3328330942564512,0.3421050648322457,0.3421050648322457,0.009271970575794486,True,False
Microsoft Corporation,2022-01-06,2022-01-07,1,flat,up,0.23067730561497146,0.3221399076322861,0.4471827867527422,0.4471827867527422,0.12504287912045609,True,False
Microsoft Corporation,2022-01-07,2022-01-10,1,flat,up,0.15668137087996947,0.3313203725698575,0.5119982565501725,0.5119982565501725,0.18067788398031498,True,False
Microsoft Corporation,2022-01-10,2022-01-11,1,flat,up,0.22243775432167517,0.32990634758801896,0.4476558980903056,0.4476558980903056,0.11774955050228664,True,False
Microsoft Corporation,2022-01-11,2022-01-12,1,up,up,0.14820802979607633,0.33053492873097556,0.5212570414729478,0.5212570414729478,0.19072211274197226,True,True
Microsoft Corporation,2022-01-12,2022-01-13,1,down,up,0.16546229090879278,0.33231450526588235,0.5022232038253247,0.5022232038253247,0.16990869855944235,True,False
Microsoft Corporation,2022-01-13,2022-01-14,1,down,down,0.4402861658011295,0.3366072211126756,0.22310661308619453,0.4402861658011295,0.1036789446884539,True,True
Microsoft Corporation,2022-01-14,2022-01-18,1,flat,flat,0.26322563213033234,0.38873818946954636,0.34803617840012097,0.34803617840012097,-0.04070201106942539,False,True
Microsoft Corporation,2022-01-18,2022-01-19,1,flat,up,0.22050419856747755,0.3685232828040439,0.41097251862847833,0.41097251862847833,0.04244923582443444,True,False
Microsoft Corporation,2022-01-19,2022-01-20,1,flat,up,0.18031753126158495,0.3420066554267087,0.47767581331170605,0.47767581331170605,0.13566915788499734,True,False
Microsoft Corporation,2022-01-20,2022-01-21,1,down,up,0.20376204505253032,0.3693113820721652,0.4269265728753042,0.4269265728753042,0.05761519080313904,True,False
Microsoft Corporation,2022-01-21,2022-01-24,1,down,up,0.30054901382675747,0.3452997079460178,0.35415127822722436,0.35415127822722436,0.008851570281206589,True,False
Microsoft Corporation,2022-01-24,2022-01-25,1,flat,up,0.33908530834068695,0.2672357215977909,0.39367897006152186,0.39367897006152186,0.12644324846373095,True,False
Microsoft Corporation,2022-01-25,2022-01-26,1,up,up,0.16265709602869755,0.3024552466355336,0.5348876573357684,0.5348876573357684,0.2324324107002348,True,True
Microsoft Corporation,2022-01-26,2022-01-27,1,flat,up,0.14158788108994352,0.31184392233457503,0.5465681965754812,0.5465681965754812,0.23472427424090614,True,False
Microsoft Corporation,2022-01-27,2022-01-28,1,flat,flat,0.2570648628402807,0.43399581109527424,0.30893932606444474,0.30893932606444474,-0.1250564850308295,False,True
Microsoft Corporation,2022-01-28,2022-01-31,1,flat,flat,0.1993492110743047,0.43312570625142083,0.3675250826742742,0.3675250826742742,-0.06560062357714663,False,True
Microsoft Corporation,2022-01-31,2022-02-01,1,flat,flat,0.13971293503725193,0.43862793396868005,0.42165913099406765,0.42165913099406765,-0.016968802974612396,False,True
Microsoft Corporation,2022-02-01,2022-02-02,1,flat,flat,0.2895408299213048,0.4890688747741773,0.22139029530451748,0.2895408299213048,-0.1995280448528725,False,True
Microsoft Corporation,2022-02-02,2022-02-03,1,down,flat,0.15028974650212323,0.5370414964300777,0.31266875706779873,0.31266875706779873,-0.22437273936227897,False,False
Microsoft Corporation,2022-02-03,2022-02-04,1,flat,flat,0.285566671537527,0.46710083729464813,0.2473324911678245,0.285566671537527,-0.1815341657571211,False,True
Microsoft Corporation,2022-02-04,2022-02-07,1,flat,flat,0.20093399483375127,0.47553116663762096,0.3235348385286273,0.3235348385286273,-0.15199632810899366,False,True
Microsoft Corporation,2022-02-07,2022-02-08,1,flat,flat,0.15042768649559884,0.4468471001918404,0.40272521331256045,0.40272521331256045,-0.044121886879279926,False,True
Microsoft Corporation,2022-02-08,2022-02-09,1,up,flat,0.2218984612158471,0.43976864203035315,0.33833289675379946,0.33833289675379946,-0.10143574527655369,False,False
Microsoft Corporation,2022-02-09,2022-02-10,1,down,flat,0.11812069965631117,0.4543304426911142,0.42754885765257433,0.42754885765257433,-0.02678158503853989,False,False
Microsoft Corporation,2022-02-10,2022-02-11,1,flat,flat,0.33018441385388253,0.4244051547998613,0.24541043134625584,0.33018441385388253,-0.09422074094597876,False,True
Microsoft Corporation,2022-02-11,2022-02-14,1,down,flat,0.2617169855414691,0.4392253845496219,0.29905762990890866,0.29905762990890866,-0.14016775464071324,False,False
Microsoft Corporation,2022-02-14,2022-02-15,1,flat,flat,0.20824615859735704,0.42623060809583435,0.36552323330680825,0.36552323330680825,-0.0607073747890261,False,True
Microsoft Corporation,2022-02-15,2022-02-16,1,flat,flat,0.1295448986964466,0.4503379864983428,0.4201171148052102,0.4201171148052102,-0.03022087169313259,False,True
Microsoft Corporation,2022-02-16,2022-02-17,1,down,flat,0.21773649341937085,0.470202248350097,0.3120612582305318,0.3120612582305318,-0.15814099011956517,False,False
Microsoft Corporation,2022-02-17,2022-02-18,1,flat,flat,0.22402350494702833,0.4647164319798849,0.31126006307308635,0.31126006307308635,-0.15345636890679853,False,True
Microsoft Corporation,2022-02-18,2022-02-22,1,flat,flat,0.1831235606834231,0.42728790038914727,0.3895885389274293,0.3895885389274293,-0.037699361461717984,False,True
Microsoft Corporation,2022-02-22,2022-02-23,1,flat,up,0.1918049563163704,0.3475219361270352,0.4606731075565943,0.4606731075565943,0.1131511714295591,True,False
Microsoft Corporation,2022-02-23,2022-02-24,1,flat,up,0.18777551208659016,0.3886425979258023,0.42358188998760715,0.42358188998760715,0.03493929206180485,True,False
Microsoft Corporation,2022-02-24,2022-02-25,1,up,up,0.18835350850453472,0.3697905114536365,0.44185598004182847,0.44185598004182847,0.07206546858819196,True,True
Microsoft Corporation,2022-02-25,2022-02-28,1,flat,up,0.08668251547447908,0.44340155356963307,0.46991593095588746,0.46991593095588746,0.026514377386254395,True,False
Microsoft Corporation,2022-02-28,2022-03-01,1,flat,flat,0.20833065443250626,0.4756457288419096,0.31602361672558377,0.31602361672558377,-0.15962211211632582,False,True
Microsoft Corporation,2022-03-01,2022-03-02,1,flat,flat,0.22595804711791234,0.5025402188608563,0.271501734021231,0.271501734021231,-0.2310384848396253,False,True
Microsoft Corporation,2022-03-02,2022-03-03,1,flat,flat,0.1694221109145197,0.4694283973452896,0.3611494917401904,0.3611494917401904,-0.10827890560509923,False,True
Microsoft Corporation,2022-03-03,2022-03-04,1,down,flat,0.20005424685660417,0.4716239793466807,0.3283217737967148,0.3283217737967148,-0.14330220554996592,False,False
Microsoft Corporation,2022-03-04,2022-03-07,1,down,flat,0.32468461524314607,0.43400654961760077,0.24130883513925258,0.32468461524314607,-0.1093219343744547,False,False
Microsoft Corporation,2022-03-07,2022-03-08,1,down,flat,0.28923104843384223,0.3602460984560276,0.35052285311012976,0.35052285311012976,-0.009723245345897857,False,False
Microsoft Corporation,2022-03-08,2022-03-09,1,up,up,0.25888371022401213,0.3291516761188725,0.4119646136571151,0.4119646136571151,0.08281293753824259,True,True
Microsoft Corporation,2022-03-09,2022-03-10,1,flat,up,0.10442908703864962,0.34604782598074146,0.5495230869806086,0.5495230869806086,0.20347526099986712,True,False
Microsoft Corporation,2022-03-10,2022-03-11,1,flat,flat,0.22473980221547116,0.44335903971996954,0.331901158064559,0.331901158064559,-0.11145788165541054,False,True
Microsoft Corporation,2022-03-11,2022-03-14,1,flat,flat,0.1753805037917891,0.4466081063680104,0.3780113898402001,0.3780113898402001,-0.0685967165278103,False,True
Microsoft Corporation,2022-03-14,2022-03-15,1,flat,flat,0.243749513926193,0.40400971303228816,0.35224077304151846,0.35224077304151846,-0.0517689399907697,False,True
Microsoft Corporation,2022-03-15,2022-03-16,1,up,up,0.16153496662594038,0.37340746362149757,0.4650575697525616,0.4650575697525616,0.091650106131064,True,True
Microsoft Corporation,2022-03-16,2022-03-17,1,flat,flat,0.1686202481806176,0.42185617112303386,0.4095235806963483,0.4095235806963483,-0.012332590426685552,False,True
Microsoft Corporation,2022-03-17,2022-03-18,1,flat,flat,0.16183249820890566,0.5564370953592035,0.2817304064318906,0.2817304064318906,-0.27470668892731287,False,True
Microsoft Corporation,2022-03-18,2022-03-21,1,flat,flat,0.18591066497283124,0.456402778822976,0.35768655620419254,0.35768655620419254,-0.09871622261878343,False,True
Microsoft Corporation,2022-03-21,2022-03-22,1,flat,flat,0.18235957934437835,0.5323994659544597,0.2852409547011616,0.2852409547011616,-0.24715851125329813,False,True
Microsoft Corporation,2022-03-22,2022-03-23,1,flat,flat,0.16482554405922173,0.5483440345019952,0.2868304214387829,0.2868304214387829,-0.2615136130632123,False,True
Microsoft Corporation,2022-03-23,2022-03-24,1,flat,flat,0.24098096053403847,0.5513147196651876,0.20770431980077358,0.24098096053403847,-0.31033375913114913,False,True
Microsoft Corporation,2022-03-24,2022-03-25,1,flat,flat,0.17735263568301748,0.5263204890890103,0.29632687522797196,0.29632687522797196,-0.22999361386103834,False,True
Microsoft Corporation,2022-03-25,2022-03-28,1,flat,flat,0.15174771096548376,0.504012392600236,0.3442398964342799,0.3442398964342799,-0.15977249616595612,False,True
Microsoft Corporation,2022-03-28,2022-03-29,1,up,flat,0.16633221648268748,0.47144821174566964,0.36221957177164255,0.36221957177164255,-0.1092286399740271,False,False
Microsoft Corporation,2022-03-29,2022-03-30,1,flat,flat,0.1738063599133508,0.5175022396893515,0.3086914003972973,0.3086914003972973,-0.20881083929205418,False,True
Microsoft Corporation,2022-03-30,2022-03-31,1,flat,flat,0.25560772300139045,0.5297095416910635,0.21468273530754572,0.25560772300139045,-0.2741018186896731,False,True
Microsoft Corporation,2022-03-31,2022-04-01,1,flat,flat,0.33366685777511024,0.5165904336945203,0.14974270853036928,0.33366685777511024,-0.18292357591941005,False,True
Microsoft Corporation,2022-04-01,2022-04-04,1,flat,flat,0.2809363260412853,0.5038278142849313,0.21523585967378311,0.2809363260412853,-0.22289148824364596,False,True
Microsoft Corporation,2022-04-04,2022-04-05,1,flat,flat,0.1845245973180749,0.4749976983173103,0.34047770436461433,0.34047770436461433,-0.13451999395269598,False,True
Microsoft Corporation,2022-04-05,2022-04-06,1,down,flat,0.2547687567711488,0.49197213531292106,0.25325910791593,0.2547687567711488,-0.23720337854177226,False,False
Microsoft Corporation,2022-04-06,2022-04-07,1,flat,down,0.4653650908230601,0.35938999564788343,0.17524491352905608,0.4653650908230601,0.10597509517517667,True,False
Microsoft Corporation,2022-04-07,2022-04-08,1,flat,flat,0.20509560907855193,0.4251519607832275,0.3697524301382203,0.3697524301382203,-0.05539953064500719,False,True
Microsoft Corporation,2022-04-08,2022-04-11,1,down,flat,0.20666564969896434,0.43913655788576045,0.35419779241527505,0.35419779241527505,-0.0849387654704854,False,False
Microsoft Corporation,2022-04-11,2022-04-12,1,flat,down,0.4090999205624346,0.313728912052024,0.2771711673855412,0.4090999205624346,0.09537100851041058,True,False
Microsoft Corporation,2022-04-12,2022-04-13,1,flat,up,0.18362010084571057,0.35604667072513574,0.4603332284291534,0.4603332284291534,0.10428655770401768,True,False
Microsoft Corporation,2022-04-13,2022-04-14,1,flat,up,0.16026457755284465,0.39933699863616123,0.4403984238109937,0.4403984238109937,0.04106142517483247,True,False
Microsoft Corporation,2022-04-14,2022-04-18,1,down,up,0.19278571597589372,0.3336351945746594,0.47357908944944666,0.47357908944944666,0.13994389487478726,True,False
Microsoft Corporation,2022-04-18,2022-04-19,1,flat,flat,0.21806565059129507,0.4003989834956278,0.3815353659130768,0.3815353659130768,-0.018863617582551007,False,True
Microsoft Corporation,2022-04-19,2022-04-20,1,up,up,0.17758567352233615,0.3662765310330944,0.4561377954445692,0.4561377954445692,0.08986126441147485,True,True
Microsoft Corporation,2022-04-20,2022-04-21,1,flat,up,0.14907810151070167,0.4051362351411756,0.44578566334812236,0.44578566334812236,0.04064942820694678,True,False
Microsoft Corporation,2022-04-21,2022-04-22,1,down,flat,0.31637659067219515,0.40361998060647863,0.28000342872132594,0.31637659067219515,-0.08724338993428349,False,False
Microsoft Corporation,2022-04-22,2022-04-25,1,flat,flat,0.32644571268930983,0.40235475384068503,0.2711995334700049,0.32644571268930983,-0.0759090411513752,False,True
Microsoft Corporation,2022-04-25,2022-04-26,1,flat,up,0.20721466615088505,0.3832100470427804,0.40957528680633437,0.40957528680633437,0.026365239763553983,True,False
Microsoft Corporation,2022-04-26,2022-04-27,1,up,up,0.21443910759245705,0.3450508689236209,0.4405100234839218,0.4405100234839218,0.09545915456030091,True,True
Microsoft Corporation,2022-04-27,2022-04-28,1,flat,up,0.12293085972600143,0.3270777264936364,0.5499914137803618,0.5499914137803618,0.22291368728672534,True,False
Microsoft Corporation,2022-04-28,2022-04-29,1,flat,flat,0.182789130408182,0.49176570958846727,0.32544516000335033,0.32544516000335033,-0.16632054958511694,False,True
Microsoft Corporation,2022-04-29,2022-05-02,1,flat,flat,0.3412167548180577,0.44347900835341403,0.21530423682852812,0.3412167548180577,-0.10226225353535634,False,True
Microsoft Corporation,2022-05-02,2022-05-03,1,flat,flat,0.26359306621343453,0.4328830074413871,0.30352392634517794,0.30352392634517794,-0.12935908109620914,False,True
Microsoft Corporation,2022-05-03,2022-05-04,1,flat,flat,0.18025424061479237,0.46160214187998094,0.35814361750522616,0.35814361750522616,-0.10345852437475478,False,True
Microsoft Corporation,2022-05-04,2022-05-05,1,flat,flat,0.20460369254256414,0.39781641167782883,0.3975798957796066,0.3975798957796066,-0.00023651589822221153,False,True
Microsoft Corporation,2022-05-05,2022-05-06,1,down,flat,0.31332780217085293,0.39281866660115766,0.2938535312279893,0.31332780217085293,-0.07949086443030473,False,False
Microsoft Corporation,2022-05-06,2022-05-09,1,down,flat,0.24542613609083092,0.38687536206594586,0.3676985018432229,0.3676985018432229,-0.01917686022272297,False,False
Microsoft Corporation,2022-05-09,2022-05-10,1,flat,up,0.2474956765567753,0.3236510242164915,0.42885329922673293,0.42885329922673293,0.10520227501024143,True,False
Microsoft Corporation,2022-05-10,2022-05-11,1,down,up,0.1301832706126342,0.3299272802936915,0.5398894490936739,0.5398894490936739,0.20996216879998236,True,False
Microsoft Corporation,2022-05-11,2022-05-12,1,down,up,0.28022895655899716,0.3282349885900324,0.39153605485097015,0.39153605485097015,0.06330106626093773,True,False
Microsoft Corporation,2022-05-12,2022-05-13,1,flat,up,0.30291154017654864,0.31269897887391446,0.38438948094953684,0.38438948094953684,0.07169050207562239,True,False
Microsoft Corporation,2022-05-13,2022-05-16,1,flat,up,0.11374994434662158,0.3568384811245158,0.5294115745288623,0.5294115745288623,0.1725730934043465,True,False
Microsoft Corporation,2022-05-16,2022-05-17,1,flat,up,0.1823878400602788,0.3885985395149685,0.42901362042475244,0.42901362042475244,0.04041508090978396,True,False
Microsoft Corporation,2022-05-17,2022-05-18,1,down,flat,0.15113829981715832,0.4816505830589918,0.36721111712384935,0.36721111712384935,-0.11443946593514243,False,False
Microsoft Corporation,2022-05-18,2022-05-19,1,flat,flat,0.3212944330182189,0.444963918535105,0.23374164844667572,0.3212944330182189,-0.12366948551688606,False,True
Microsoft Corporation,2022-05-19,2022-05-20,1,flat,flat,0.23545764649764145,0.4258619451785932,0.3386804083237652,0.3386804083237652,-0.08718153685482799,False,True
Microsoft Corporation,2022-05-20,2022-05-23,1,flat,up,0.1787494838927528,0.35692956745811194,0.46432094864913503,0.46432094864913503,0.1073913811910231,True,False
Microsoft Corporation,2022-05-23,2022-05-24,1,flat,flat,0.16394392060410323,0.465824829900896,0.3702312494950004,0.3702312494950004,-0.0955935804058956,False,True
Microsoft Corporation,2022-05-24,2022-05-25,1,flat,flat,0.20557442617190752,0.5157857622447937,0.2786398115832985,0.2786398115832985,-0.2371459506614952,False,True
Microsoft Corporation,2022-05-25,2022-05-26,1,flat,flat,0.1344720599256475,0.5250830534349094,0.3404448866394427,0.3404448866394427,-0.18463816679546663,False,True
Microsoft Corporation,2022-05-26,2022-05-27,1,up,flat,0.14594831303352768,0.5442060760804106,0.30984561088606155,0.30984561088606155,-0.23436046519434905,False,False
Microsoft Corporation,2022-05-27,2022-05-31,1,flat,flat,0.14875626963710595,0.5546067995245554,0.2966369308383384,0.2966369308383384,-0.25796986868621696,False,True
Microsoft Corporation,2022-05-31,2022-06-01,1,flat,flat,0.2649210199227234,0.4893719097258564,0.24570707035142,0.2649210199227234,-0.22445088980313305,False,True
Microsoft Corporation,2022-06-01,2022-06-02,1,down,flat,0.18456608360243495,0.6079593626872093,0.2074745537103556,0.2074745537103556,-0.4004848089768537,False,False
Microsoft Corporation,2022-06-02,2022-06-03,1,flat,flat,0.4144621983393737,0.43034088653480296,0.15519691512582318,0.4144621983393737,-0.015878688195429258,False,True
Microsoft Corporation,2022-06-03,2022-06-06,1,flat,flat,0.16731924922623875,0.5219911793007738,0.3106895714729869,0.3106895714729869,-0.21130160782778684,False,True
Microsoft Corporation,2022-06-06,2022-06-07,1,flat,flat,0.2042772153111446,0.5301492520708875,0.26557353261796757,0.26557353261796757,-0.2645757194529199,False,True
Microsoft Corporation,2022-06-07,2022-06-08,1,flat,flat,0.25995698691662583,0.5037946751465298,0.2362483379368441,0.25995698691662583,-0.24383768822990393,False,True
Microsoft Corporation,2022-06-08,2022-06-09,1,flat,flat,0.17727085268113374,0.47944304617584466,0.34328610114302116,0.34328610114302116,-0.1361569450328235,False,True
Microsoft Corporation,2022-06-09,2022-06-10,1,down,flat,0.3012822357046499,0.4242567894613349,0.27446097483401477,0.3012822357046499,-0.12297455375668498,False,False
Microsoft Corporation,2022-06-10,2022-06-13,1,down,down,0.39843166365493565,0.35392360470855233,0.24764473163651185,0.39843166365493565,0.04450805894638332,True,True
Microsoft Corporation,2022-06-13,2022-06-14,1,flat,down,0.40295634011274795,0.2743429821803319,0.3227006777069199,0.40295634011274795,0.12861335793241607,True,False
Microsoft Corporation,2022-06-14,2022-06-15,1,up,up,0.16083185053569055,0.3541188631081995,0.4850492863561098,0.4850492863561098,0.13093042324791027,True,True
Microsoft Corporation,2022-06-15,2022-06-16,1,down,up,0.13337951538623194,0.34196282374291864,0.5246576608708493,0.5246576608708493,0.18269483712793066,True,False
Microsoft Corporation,2022-06-16,2022-06-17,1,flat,flat,0.35987218111493857,0.36212457179014507,0.27800324709491614,0.35987218111493857,-0.002252390675206495,False,True
Microsoft Corporation,2022-06-17,2022-06-21,1,up,up,0.18568447379882438,0.36342409455307945,0.45089143164809586,0.45089143164809586,0.08746733709501642,True,True
Microsoft Corporation,2022-06-21,2022-06-22,1,flat,flat,0.14623193179274258,0.43975338051386514,0.41401468769339184,0.41401468769339184,-0.025738692820473308,False,True
Microsoft Corporation,2022-06-22,2022-06-23,1,flat,flat,0.2348331824745492,0.5350739531888232,0.23009286433662723,0.2348331824745492,-0.300240770714274,False,True
Microsoft Corporation,2022-06-23,2022-06-24,1,up,flat,0.1496646879566143,0.5948468003419582,0.25548851170142745,0.25548851170142745,-0.3393582886405308,False,False
Microsoft Corporation,2022-06-24,2022-06-27,1,flat,flat,0.1511934504984771,0.5434217881399762,0.30538476136154635,0.30538476136154635,-0.23803702677842986,False,True
Microsoft Corporation,2022-06-27,2022-06-28,1,down,flat,0.18460620304758227,0.6558066927205026,0.15958710423191513,0.18460620304758227,-0.4712004896729204,False,False
Microsoft Corporation,2022-06-28,2022-06-29,1,flat,flat,0.29321572718927624,0.5681270040985278,0.13865726871219577,0.29321572718927624,-0.27491127690925155,False,True
Microsoft Corporation,2022-06-29,2022-06-30,1,flat,flat,0.22315143120549433,0.5768919498780016,0.1999566189165038,0.22315143120549433,-0.35374051867250733,False,True
Microsoft Corporation,2022-06-30,2022-07-01,1,flat,flat,0.2956881937300129,0.4385270966048671,0.2657847096651198,0.2956881937300129,-0.14283890287485418,False,True
Microsoft Corporation,2022-07-01,2022-07-05,1,flat,flat,0.18710496518625364,0.5189571266937352,0.29393790812001075,0.29393790812001075,-0.22501921857372442,False,True
Microsoft Corporation,2022-07-05,2022-07-06,1,up,flat,0.18303230550278485,0.523581258440222,0.2933864360569929,0.2933864360569929,-0.23019482238322908,False,False
Microsoft Corporation,2022-07-06,2022-07-07,1,flat,flat,0.12543919805685744,0.5833755096974573,0.2911852922456852,0.2911852922456852,-0.29219021745177215,False,True
Microsoft Corporation,2022-07-07,2022-07-08,1,flat,flat,0.18080224267189937,0.603640817125373,0.21555694020272764,0.21555694020272764,-0.38808387692264534,False,True
Microsoft Corporation,2022-07-08,2022-07-11,1,flat,flat,0.2611220635466618,0.5767532420460805,0.16212469440725757,0.2611220635466618,-0.3156311784994187,False,True
Microsoft Corporation,2022-07-11,2022-07-12,1,down,flat,0.2542283071605176,0.5798620819008853,0.1659096109385968,0.2542283071605176,-0.3256337747403677,False,False
Microsoft Corporation,2022-07-12,2022-07-13,1,down,down,0.427873952282782,0.3927258062300333,0.17940024148718434,0.427873952282782,0.03514814605274874,True,True
Microsoft Corporation,2022-07-13,2022-07-14,1,flat,flat,0.3327655531944367,0.40194415852646737,0.26529028827909557,0.3327655531944367,-0.06917860533203068,False,True
Microsoft Corporation,2022-07-14,2022-07-15,1,up,flat,0.15890034086878663,0.4279544456821739,0.4131452134490391,0.4131452134490391,-0.014809232233134795,False,False
Microsoft Corporation,2022-07-15,2022-07-18,1,flat,up,0.14529296018409588,0.3837628051874999,0.470944234628404,0.470944234628404,0.08718142944090412,True,False
Microsoft Corporation,2022-07-18,2022-07-19,1,flat,flat,0.19333905157781012,0.5045195790067873,0.3021413694154021,0.3021413694154021,-0.20237820959138525,False,True
Microsoft Corporation,2022-07-19,2022-07-20,1,flat,flat,0.2292302613232724,0.4152868280920158,0.35548291058471154,0.35548291058471154,-0.05980391750730424,False,True
Microsoft Corporation,2022-07-20,2022-07-21,1,flat,flat,0.17424649288904479,0.493041720015186,0.3327117870957688,0.3327117870957688,-0.16032993291941716,False,True
Microsoft Corporation,2022-07-21,2022-07-22,1,flat,flat,0.228134402154903,0.543659271634016,0.228206326211081,0.228206326211081,-0.31545294542293495,False,True
Microsoft Corporation,2022-07-22,2022-07-25,1,flat,flat,0.19761562410538366,0.548704484399979,0.25367989149463716,0.25367989149463716,-0.29502459290534183,False,True
Microsoft Corporation,2022-07-25,2022-07-26,1,down,flat,0.24748050576029534,0.5333982050341756,0.21912128920552887,0.24748050576029534,-0.2859176992738802,False,False
Microsoft Corporation,2022-07-26,2022-07-27,1,up,flat,0.33577681031983475,0.3900084054999122,0.2742147841802526,0.33577681031983475,-0.054231595180077474,False,False
Microsoft Corporation,2022-07-27,2022-07-28,1,up,up,0.11697473292993432,0.3862194616977391,0.49680580537232644,0.49680580537232644,0.11058634367458736,True,True
Microsoft Corporation,2022-07-28,2022-07-29,1,up,flat,0.17191361107050146,0.5094290035875305,0.31865738534196764,0.31865738534196764,-0.19077161824556288,False,False
Microsoft Corporation,2022-07-29,2022-08-01,1,flat,flat,0.19888927790287225,0.5568090150972683,0.24430170699985904,0.24430170699985904,-0.3125073080974093,False,True
Microsoft Corporation,2022-08-01,2022-08-02,1,flat,flat,0.2584098602599116,0.5767368182764064,0.16485332146368192,0.2584098602599116,-0.31832695801649485,False,True
Microsoft Corporation,2022-08-02,2022-08-03,1,flat,flat,0.30171539574613104,0.5395865633327228,0.1586980409211459,0.30171539574613104,-0.23787116758659177,False,True
Microsoft Corporation,2022-08-03,2022-08-04,1,flat,flat,0.16854228679541494,0.5551367433884874,0.27632096981609755,0.27632096981609755,-0.27881577357238985,False,True
Microsoft Corporation,2022-08-04,2022-08-05,1,flat,flat,0.18589046268853238,0.5921424565340094,0.22196708077745803,0.22196708077745803,-0.3701753757565514,False,True
Microsoft Corporation,2022-08-05,2022-08-08,1,flat,flat,0.2558665765900942,0.5741130567647591,0.17002036664514664,0.2558665765900942,-0.3182464801746649,False,True
Microsoft Corporation,2022-08-08,2022-08-09,1,flat,flat,0.18134983243095207,0.552983787307567,0.26566638026148065,0.26566638026148065,-0.2873174070460864,False,True
Microsoft Corporation,2022-08-09,2022-08-10,1,up,flat,0.30278092604196283,0.48325161224396196,0.2139674617140747,0.30278092604196283,-0.18047068620199913,False,False
Microsoft Corporation,2022-08-10,2022-08-11,1,flat,flat,0.1622191207312811,0.4651434399866419,0.3726374392820766,0.3726374392820766,-0.09250600070456533,False,True
Microsoft Corporation,2022-08-11,2022-08-12,1,flat,flat,0.2429528198889783,0.5348214368656585,0.22222574324536298,0.2429528198889783,-0.2918686169766802,False,True
Microsoft Corporation,2022-08-12,2022-08-15,1,flat,flat,0.24788496126416676,0.5118178973387205,0.24029714139711245,0.24788496126416676,-0.26393293607455376,False,True
Microsoft Corporation,2022-08-15,2022-08-16,1,flat,flat,0.18063918248976352,0.5180407749164263,0.30132004259380996,0.30132004259380996,-0.21672073232261635,False,True
Microsoft Corporation,2022-08-16,2022-08-17,1,flat,flat,0.25998288619585436,0.5275267406910876,0.21249037311305782,0.25998288619585436,-0.26754385449523327,False,True
Microsoft Corporation,2022-08-17,2022-08-18,1,flat,flat,0.2892816608356763,0.5257872640438537,0.18493107512046958,0.2892816608356763,-0.23650560320817737,False,True
Microsoft Corporation,2022-08-18,2022-08-19,1,down,flat,0.23928231798986388,0.5278279865265273,0.23288969548360858,0.23928231798986388,-0.2885456685366634,False,False
Microsoft Corporation,2022-08-19,2022-08-22,1,down,flat,0.319874298462535,0.45104159421198653,0.22908410732547801,0.319874298462535,-0.13116729574945152,False,False
Microsoft Corporation,2022-08-22,2022-08-23,1,down,flat,0.3549129034096817,0.3912290538594416,0.25385804273087637,0.3549129034096817,-0.03631615044975994,False,False
Microsoft Corporation,2022-08-23,2022-08-24,1,flat,flat,0.22085552997948177,0.46454282594133955,0.31460164407917823,0.31460164407917823,-0.14994118186216132,False,True
Microsoft Corporation,2022-08-24,2022-08-25,1,flat,flat,0.19063429201008492,0.42618930212324596,0.38317640586666885,0.38317640586666885,-0.043012896256577116,False,True
Microsoft Corporation,2022-08-25,2022-08-26,1,down,up,0.24094559149162215,0.33429105688346106,0.4247633516249164,0.4247633516249164,0.09047229474145535,True,False
Microsoft Corporation,2022-08-26,2022-08-29,1,down,flat,0.29103629516397306,0.38674347543146553,0.3222202294045611,0.3222202294045611,-0.06452324602690446,False,False
Microsoft Corporation,2022-08-29,2022-08-30,1,flat,flat,0.2935925753377173,0.385487499361385,0.3209199253008973,0.3209199253008973,-0.06456757406048769,False,True
Microsoft Corporation,2022-08-30,2022-08-31,1,flat,up,0.18155686821043243,0.3556220014126744,0.4628211303768929,0.4628211303768929,0.10719912896421846,True,False
Microsoft Corporation,2022-08-31,2022-09-01,1,down,up,0.20184771055174183,0.34436784247591584,0.45378444697234205,0.45378444697234205,0.1094166044964262,True,False
Microsoft Corporation,2022-09-01,2022-09-02,1,flat,flat,0.2807963346365353,0.35985039965990817,0.3593532657035562,0.3593532657035562,-0.0004971339563519805,False,True
Microsoft Corporation,2022-09-02,2022-09-06,1,down,up,0.17738500675142638,0.32169988944127376,0.5009151038072995,0.5009151038072995,0.17921521436602578,True,False
Microsoft Corporation,2022-09-06,2022-09-07,1,flat,up,0.24434243778107412,0.35936691218989236,0.3962906500290333,0.3962906500290333,0.036923737839140935,True,False
Microsoft Corporation,2022-09-07,2022-09-08,1,flat,up,0.19077293603369502,0.3162617631644144,0.4929653008018904,0.4929653008018904,0.17670353763747598,True,False
Microsoft Corporation,2022-09-08,2022-09-09,1,up,up,0.1958380464928386,0.3192598442739545,0.48490210923320687,0.48490210923320687,0.16564226495925238,True,True
Microsoft Corporation,2022-09-09,2022-09-12,1,flat,flat,0.20139285993878914,0.4083211970929812,0.3902859429682295,0.3902859429682295,-0.01803525412475171,False,True
Microsoft Corporation,2022-09-12,2022-09-13,1,down,flat,0.18502899737686995,0.4972637169334339,0.3177072856896957,0.3177072856896957,-0.1795564312437382,False,False
Microsoft Corporation,2022-09-13,2022-09-14,1,flat,down,0.5282919637318397,0.3412324350294288,0.13047560123873128,0.5282919637318397,0.18705952870241094,True,False
Microsoft Corporation,2022-09-14,2022-09-15,1,down,flat,0.23254651408064062,0.4236929179593878,0.3437605679599712,0.3437605679599712,-0.07993234999941662,False,False
Microsoft Corporation,2022-09-15,2022-09-16,1,flat,up,0.2728365195282609,0.341093143820589,0.38607033665114987,0.38607033665114987,0.0449771928305609,True,False
Microsoft Corporation,2022-09-16,2022-09-19,1,flat,up,0.2602296004216377,0.33298019344716623,0.4067902061311958,0.4067902061311958,0.07381001268402959,True,False
Microsoft Corporation,2022-09-19,2022-09-20,1,flat,up,0.17117202279609747,0.36413408129874847,0.46469389590515375,0.46469389590515375,0.10055981460640528,True,False
Microsoft Corporation,2022-09-20,2022-09-21,1,flat,up,0.19665731665509512,0.34113747472470146,0.46220520862020326,0.46220520862020326,0.1210677338955018,True,False
Microsoft Corporation,2022-09-21,2022-09-22,1,flat,up,0.20830416200613314,0.31956704066747027,0.47212879732639645,0.47212879732639645,0.15256175665892618,True,False
Microsoft Corporation,2022-09-22,2022-09-23,1,flat,up,0.2776017078056071,0.3244272175976097,0.39797107459678305,0.39797107459678305,0.07354385699917337,True,False
Microsoft Corporation,2022-09-23,2022-09-26,1,flat,up,0.28335034945618054,0.3367229036114926,0.37992674693232653,0.37992674693232653,0.043203843320833935,True,False
Microsoft Corporation,2022-09-26,2022-09-27,1,flat,up,0.21315532557468972,0.34929082978999415,0.4375538446353159,0.4375538446353159,0.08826301484532173,True,False
Microsoft Corporation,2022-09-27,2022-09-28,1,flat,up,0.25906821180892636,0.356291756083557,0.3846400321075164,0.3846400321075164,0.028348276023959396,True,False
Microsoft Corporation,2022-09-28,2022-09-29,1,flat,up,0.2217337318896928,0.3846238563968396,0.3936424117134673,0.3936424117134673,0.009018555316627708,True,False
Microsoft Corporation,2022-09-29,2022-09-30,1,flat,flat,0.27179870727355626,0.3887816289702678,0.3394196637561757,0.3394196637561757,-0.049361965214092085,False,True
Microsoft Corporation,2022-09-30,2022-10-03,1,flat,flat,0.31035917187347645,0.3585899095675879,0.3310509185589355,0.3310509185589355,-0.027538991008652425,False,True
Microsoft Corporation,2022-10-03,2022-10-04,1,up,up,0.13945186262686465,0.409423153899672,0.4511249834734631,0.4511249834734631,0.041701829573791094,True,True
Microsoft Corporation,2022-10-04,2022-10-05,1,flat,flat,0.1136200033930153,0.460187937777673,0.4261920588293113,0.4261920588293113,-0.033995878948361646,False,True
Microsoft Corporation,2022-10-05,2022-10-06,1,flat,flat,0.19668097883684982,0.6435304287230802,0.15978859244006988,0.19668097883684982,-0.4468494498862304,False,True
Microsoft Corporation,2022-10-06,2022-10-07,1,down,flat,0.1927584271205928,0.6073378583254704,0.19990371455393663,0.19990371455393663,-0.40743414377153375,False,False
Microsoft Corporation,2022-10-07,2022-10-10,1,down,down,0.5171907900967359,0.3059226915014959,0.17688651840176814,0.5171907900967359,0.21126809859523993,True,True
Microsoft Corporation,2022-10-10,2022-10-11,1,down,flat,0.28058447024758315,0.37287709460640084,0.3465384351460159,0.3465384351460159,-0.02633865946038494,False,False
Microsoft Corporation,2022-10-11,2022-10-12,1,flat,up,0.24602844921057876,0.33548506264014216,0.41848648814927897,0.41848648814927897,0.0830014255091368,True,False
Microsoft Corporation,2022-10-12,2022-10-13,1,flat,flat,0.18952639230842377,0.411567203115977,0.39890640457559895,0.39890640457559895,-0.012660798540378049,False,True
Microsoft Corporation,2022-10-13,2022-10-14,1,up,up,0.1585320787737085,0.31967612412782814,0.5217917970984631,0.5217917970984631,0.20211567297063499,True,True
Microsoft Corporation,2022-10-14,2022-10-17,1,flat,up,0.09478547732029605,0.43036418959911693,0.47485033308058666,0.47485033308058666,0.04448614348146973,True,False
Microsoft Corporation,2022-10-17,2022-10-18,1,flat,flat,0.14798893405899236,0.5241937056729126,0.3278173602680946,0.3278173602680946,-0.19637634540481796,False,True
Microsoft Corporation,2022-10-18,2022-10-19,1,flat,flat,0.17944887701000392,0.5655606441484757,0.25499047884152015,0.25499047884152015,-0.3105701653069556,False,True
Microsoft Corporation,2022-10-19,2022-10-20,1,flat,flat,0.3089765403003471,0.5692957906131221,0.12172766908653057,0.3089765403003471,-0.260319250312775,False,True
Microsoft Corporation,2022-10-20,2022-10-21,1,flat,flat,0.21160075709738926,0.5806443265772164,0.20775491632539406,0.21160075709738926,-0.3690435694798272,False,True
Microsoft Corporation,2022-10-21,2022-10-24,1,up,flat,0.21732410168511526,0.48313865173911597,0.2995372465757686,0.2995372465757686,-0.1836014051633474,False,False
Microsoft Corporation,2022-10-24,2022-10-25,1,flat,flat,0.0997500357497293,0.6100528122409166,0.290197152009354,0.290197152009354,-0.3198556602315626,False,True
Microsoft Corporation,2022-10-25,2022-10-26,1,down,flat,0.18348304855137346,0.5168238797597181,0.29969307168890824,0.29969307168890824,-0.21713080807080987,False,False
Microsoft Corporation,2022-10-26,2022-10-27,1,flat,down,0.6148854185402168,0.30271878890608334,0.08239579255369954,0.6148854185402168,0.3121666296341335,True,False
Microsoft Corporation,2022-10-27,2022-10-28,1,flat,flat,0.20936249271376484,0.42360272878055927,0.3670347785056757,0.3670347785056757,-0.056567950274883594,False,True
Microsoft Corporation,2022-10-28,2022-10-31,1,flat,up,0.14451310098254877,0.4274293168844969,0.4280575821329538,0.4280575821329538,0.0006282652484568829,True,False
Microsoft Corporation,2022-10-31,2022-11-01,1,flat,flat,0.19596378011076518,0.5144473776543991,0.28958884223483516,0.28958884223483516,-0.2248585354195639,False,True
Microsoft Corporation,2022-11-01,2022-11-02,1,down,flat,0.25681832502791313,0.44587842326908567,0.2973032517030009,0.2973032517030009,-0.14857517156608474,False,False
Microsoft Corporation,2022-11-02,2022-11-03,1,down,flat,0.34588066979883386,0.3818964816615877,0.27222284853957823,0.34588066979883386,-0.03601581186275382,False,False
Microsoft Corporation,2022-11-03,2022-11-04,1,flat,down,0.3551556568643362,0.3130555646985298,0.33178877843713395,0.3551556568643362,0.0421000921658064,True,False
Microsoft Corporation,2022-11-04,2022-11-07,1,up,up,0.15738292027857423,0.3937210221709106,0.44889605755051487,0.44889605755051487,0.055175035379604276,True,True
Microsoft Corporation,2022-11-07,2022-11-08,1,flat,flat,0.12809161482311945,0.4740730208293741,0.397835364347506,0.397835364347506,-0.07623765648186809,False,True
Microsoft Corporation,2022-11-08,2022-11-09,1,flat,flat,0.1495368213931886,0.5954555577060413,0.25500762090076967,0.25500762090076967,-0.34044793680527163,False,True
Microsoft Corporation,2022-11-09,2022-11-10,1,up,flat,0.2983913960316593,0.5443023565111185,0.15730624745722208,0.2983913960316593,-0.24591096047945915,False,False
Microsoft Corporation,2022-11-10,2022-11-11,1,up,up,0.10478757542528401,0.4191535711972316,0.4760588533774841,0.4760588533774841,0.05690528218025248,True,True
Microsoft Corporation,2022-11-11,2022-11-14,1,flat,flat,0.20124297011162948,0.6546423656183957,0.14411466426997452,0.20124297011162948,-0.4533993955067662,False,True
Microsoft Corporation,2022-11-14,2022-11-15,1,flat,flat,0.3566068179408302,0.5672680312551461,0.07612515080402335,0.3566068179408302,-0.21066121331431592,False,True
Microsoft Corporation,2022-11-15,2022-11-16,1,flat,flat,0.18132350993207663,0.6494833554189314,0.16919313464899172,0.18132350993207663,-0.4681598454868548,False,True
Microsoft Corporation,2022-11-16,2022-11-17,1,flat,flat,0.2513169468593966,0.602983314273799,0.14569973886680415,0.2513169468593966,-0.35166636741440244,False,True
Microsoft Corporation,2022-11-17,2022-11-18,1,flat,flat,0.26438851326169055,0.6059229640179936,0.1296885227203156,0.26438851326169055,-0.34153445075630307,False,True
Microsoft Corporation,2022-11-18,2022-11-21,1,flat,flat,0.2165489880452247,0.5507291885401264,0.23272182341464853,0.23272182341464853,-0.3180073651254779,False,True
Microsoft Corporation,2022-11-21,2022-11-22,1,flat,flat,0.19259404351363696,0.656590794587465,0.15081516189889785,0.19259404351363696,-0.4639967510738281,False,True
Microsoft Corporation,2022-11-22,2022-11-23,1,flat,flat,0.14608532978344152,0.6544339925063465,0.19948067771021183,0.19948067771021183,-0.45495331479613466,False,True
Microsoft Corporation,2022-11-23,2022-11-25,1,flat,flat,0.15719795964475275,0.63018943242608,0.2126126079291672,0.2126126079291672,-0.41757682449691286,False,True
Microsoft Corporation,2022-11-25,2022-11-28,1,down,flat,0.1543181535991837,0.6929983777873334,0.15268346861348273,0.1543181535991837,-0.5386802241881498,False,False
Microsoft Corporation,2022-11-28,2022-11-29,1,down,flat,0.3899489028352843,0.4708133027086231,0.13923779445609236,0.3899489028352843,-0.08086439987333882,False,False
Microsoft Corporation,2022-11-29,2022-11-30,1,up,flat,0.27709766054062557,0.5515061772370793,0.17139616222229495,0.27709766054062557,-0.2744085166964537,False,False
Microsoft Corporation,2022-11-30,2022-12-01,1,up,up,0.18122246871548262,0.390266994920652,0.42851053636386505,0.42851053636386505,0.03824354144321307,True,True
Microsoft Corporation,2022-12-01,2022-12-02,1,flat,flat,0.1366775923381637,0.6618935150913392,0.20142889257049695,0.20142889257049695,-0.46046462252084225,False,True
Microsoft Corporation,2022-12-02,2022-12-05,1,flat,flat,0.30207882637836964,0.5927515873968712,0.10516958622475904,0.30207882637836964,-0.29067276101850154,False,True
Microsoft Corporation,2022-12-05,2022-12-06,1,down,flat,0.25506191637799525,0.5918748557849348,0.15306322783706972,0.25506191637799525,-0.33681293940693957,False,False
Microsoft Corporation,2022-12-06,2022-12-07,1,down,flat,0.28717856363997457,0.516866776397148,0.19595465996287703,0.28717856363997457,-0.22968821275717338,False,False
Microsoft Corporation,2022-12-07,2022-12-08,1,flat,flat,0.3055007957455086,0.48559179075550063,0.20890741349899056,0.3055007957455086,-0.18009099500999204,False,True
Microsoft Corporation,2022-12-08,2022-12-09,1,flat,flat,0.18409018731032692,0.48623380599252086,0.3296760066971518,0.3296760066971518,-0.15655779929536906,False,True
Microsoft Corporation,2022-12-09,2022-12-12,1,up,flat,0.2589713594969254,0.46222297990686423,0.2788056605962102,0.2788056605962102,-0.18341731931065403,False,False
Microsoft Corporation,2022-12-12,2022-12-13,1,up,up,0.14368207241250844,0.38056574446849534,0.47575218311899586,0.47575218311899586,0.09518643865050053,True,True
Microsoft Corporation,2022-12-13,2022-12-14,1,flat,up,0.12992722208690544,0.4294786142388297,0.4405941636742645,0.4405941636742645,0.011115549435434802,True,False
Microsoft Corporation,2022-12-14,2022-12-15,1,down,flat,0.3654974186458049,0.48670592550228714,0.14779665585190765,0.3654974186458049,-0.12120850685648227,False,False
Microsoft Corporation,2022-12-15,2022-12-16,1,down,flat,0.4217822612205332,0.4428361317475892,0.13538160703187743,0.4217822612205332,-0.021053870527055984,False,False
Microsoft Corporation,2022-12-16,2022-12-19,1,down,down,0.44095024591563564,0.3120681126812187,0.24698164140314538,0.44095024591563564,0.12888213323441694,True,True
Microsoft Corporation,2022-12-19,2022-12-20,1,flat,flat,0.25143259716483435,0.46232070183923074,0.28624670099593463,0.28624670099593463,-0.1760740008432961,False,True
Microsoft Corporation,2022-12-20,2022-12-21,1,flat,flat,0.22525554965406097,0.44217261374267963,0.33257183660325923,0.33257183660325923,-0.1096007771394204,False,True
Microsoft Corporation,2022-12-21,2022-12-22,1,down,flat,0.13939638167680168,0.47502538979632336,0.3855782285268748,0.3855782285268748,-0.08944716126944857,False,False
Microsoft Corporation,2022-12-22,2022-12-23,1,flat,flat,0.27946511615145014,0.3829263995141059,0.3376084843344437,0.3376084843344437,-0.045317915179662216,False,True
Microsoft Corporation,2022-12-23,2022-12-27,1,flat,flat,0.22275005161150382,0.44256692047056634,0.33468302791792953,0.33468302791792953,-0.1078838925526368,False,True
Microsoft Corporation,2022-12-27,2022-12-28,1,flat,flat,0.16689577023058016,0.48884248774569966,0.34426174202371984,0.34426174202371984,-0.14458074572197982,False,True
Microsoft Corporation,2022-12-28,2022-12-29,1,flat,flat,0.2717290069566188,0.47292632165985304,0.2553446713835279,0.2717290069566188,-0.20119731470323426,False,True
Microsoft Corporation,2022-12-29,2022-12-30,1,flat,flat,0.16663524558663845,0.5011422131977968,0.3322225412155646,0.3322225412155646,-0.16891967198223223,False,True
Microsoft Corporation,2022-12-30,2023-01-03,1,flat,flat,0.21408647645263829,0.5334068434163121,0.25250668013104965,0.25250668013104965,-0.2809001632852624,False,True
Microsoft Corporation,2023-01-03,2023-01-04,1,down,flat,0.14381429769525675,0.5166571533609005,0.33952854894384266,0.33952854894384266,-0.1771286044170578,False,False
Microsoft Corporation,2023-01-04,2023-01-05,1,down,down,0.5297429555652016,0.2985609537600434,0.1716960906747548,0.5297429555652016,0.2311820018051582,True,True
Microsoft Corporation,2023-01-05,2023-01-06,1,flat,up,0.2586889770925551,0.3603004260630204,0.38101059684442434,0.38101059684442434,0.02071017078140397,True,False
Microsoft Corporation,2023-01-06,2023-01-09,1,up,up,0.20937929479399053,0.34147223784192404,0.4491484673640853,0.4491484673640853,0.10767622952216127,True,True
Microsoft Corporation,2023-01-09,2023-01-10,1,flat,flat,0.11771261699918747,0.48469757957289195,0.3975898034279202,0.3975898034279202,-0.08710777614497173,False,True
Microsoft Corporation,2023-01-10,2023-01-11,1,up,flat,0.17970864451115992,0.5131413444940333,0.30715001099480665,0.30715001099480665,-0.2059913334992266,False,False
Microsoft Corporation,2023-01-11,2023-01-12,1,flat,flat,0.1164708091827083,0.5509182216206371,0.33261096919665445,0.33261096919665445,-0.21830725242398263,False,True
Microsoft Corporation,2023-01-12,2023-01-13,1,flat,flat,0.1681375721355639,0.5624130875117401,0.26944934035269574,0.26944934035269574,-0.2929637471590444,False,True
Microsoft Corporation,2023-01-13,2023-01-17,1,flat,flat,0.2278499975835323,0.585080209386523,0.18706979302994448,0.2278499975835323,-0.35723021180299075,False,True
Microsoft Corporation,2023-01-17,2023-01-18,1,flat,flat,0.22372328696174124,0.5054793007039504,0.27079741233430804,0.27079741233430804,-0.23468188836964238,False,True
Microsoft Corporation,2023-01-18,2023-01-19,1,down,flat,0.3149559629124602,0.49638235328929514,0.18866168379824436,0.3149559629124602,-0.18142639037683495,False,False
Microsoft Corporation,2023-01-19,2023-01-20,1,up,flat,0.3583931091683656,0.4596174361133627,0.18198945471827138,0.3583931091683656,-0.10122432694499711,False,False
Microsoft Corporation,2023-01-20,2023-01-23,1,up,up,0.1402908847464595,0.40741495609662787,0.4522941591569124,0.4522941591569124,0.044879203060284534,True,True
Microsoft Corporation,2023-01-23,2023-01-24,1,flat,flat,0.14306943031694414,0.5482970731331366,0.30863349654991884,0.30863349654991884,-0.23966357658321774,False,True
Microsoft Corporation,2023-01-24,2023-01-25,1,down,flat,0.3584592596955135,0.4271188482454877,0.21442189205899867,0.3584592596955135,-0.06865958854997417,False,False
Microsoft Corporation,2023-01-25,2023-01-26,1,up,down,0.49807484805518865,0.33733203744860446,0.16459311449620684,0.49807484805518865,0.16074281060658419,True,False
Microsoft Corporation,2023-01-26,2023-01-27,1,flat,flat,0.11700737966086237,0.5400327284393448,0.34295989189979226,0.34295989189979226,-0.19707283653955254,False,True
Microsoft Corporation,2023-01-27,2023-01-30,1,down,flat,0.17430108392255605,0.6535112072237802,0.17218770885366383,0.17430108392255605,-0.47921012330122414,False,False
Microsoft Corporation,2023-01-30,2023-01-31,1,flat,flat,0.3297051134914179,0.5815676496736035,0.08872723683497839,0.3297051134914179,-0.2518625361821856,False,True
Microsoft Corporation,2023-01-31,2023-02-01,1,up,flat,0.14922333370630822,0.6254017412695214,0.22537492502417025,0.22537492502417025,-0.4000268162453512,False,False
Microsoft Corporation,2023-02-01,2023-02-02,1,up,flat,0.17609554833729602,0.5482897589315117,0.27561469273119193,0.27561469273119193,-0.2726750662003197,False,False
Microsoft Corporation,2023-02-02,2023-02-03,1,flat,flat,0.1376970510377994,0.5498040424910137,0.3124989064711865,0.3124989064711865,-0.23730513601982717,False,True
Microsoft Corporation,2023-02-03,2023-02-06,1,flat,flat,0.2984752195663486,0.6130956473305007,0.08842913310315052,0.2984752195663486,-0.3146204277641521,False,True
Microsoft Corporation,2023-02-06,2023-02-07,1,up,flat,0.29082590661180074,0.6058795239742304,0.1032945694139687,0.29082590661180074,-0.31505361736242965,False,False
Microsoft Corporation,2023-02-07,2023-02-08,1,up,flat,0.18301980511264013,0.4369189628310457,0.3800612320563138,0.3800612320563138,-0.056857730774731885,False,False
Microsoft Corporation,2023-02-08,2023-02-09,1,flat,flat,0.2441075723674239,0.5444692367853347,0.2114231908472411,0.2441075723674239,-0.3003616644179108,False,True
Microsoft Corporation,2023-02-09,2023-02-10,1,down,flat,0.3273107678252014,0.5681437676083476,0.10454546456645084,0.3273107678252014,-0.2408329997831462,False,False
Microsoft Corporation,2023-02-10,2023-02-13,1,up,flat,0.2799598047365714,0.5783385843113951,0.14170161095203315,0.2799598047365714,-0.29837877957482367,False,False
Microsoft Corporation,2023-02-13,2023-02-14,1,flat,flat,0.1703150221031235,0.4507236175306728,0.37896136036620337,0.37896136036620337,-0.07176225716446943,False,True
Microsoft Corporation,2023-02-14,2023-02-15,1,flat,flat,0.24920618063055203,0.5605344756676327,0.1902593437018149,0.24920618063055203,-0.3113282950370807,False,True
Microsoft Corporation,2023-02-15,2023-02-16,1,down,flat,0.32013732427661673,0.5510616585088814,0.12880101721450163,0.32013732427661673,-0.23092433423226472,False,False
Microsoft Corporation,2023-02-16,2023-02-17,1,down,flat,0.3162819241990984,0.505068142384472,0.1786499334164294,0.3162819241990984,-0.18878621818537356,False,False
Microsoft Corporation,2023-02-17,2023-02-21,1,down,flat,0.31268799390438096,0.47980941075023803,0.20750259534538068,0.31268799390438096,-0.16712141684585707,False,False
Microsoft Corporation,2023-02-21,2023-02-22,1,flat,flat,0.28616001917586564,0.4637977237437175,0.2500422570804166,0.28616001917586564,-0.17763770456785188,False,True
Microsoft Corporation,2023-02-22,2023-02-23,1,flat,flat,0.22669375345329146,0.47778991402574966,0.29551633252095866,0.29551633252095866,-0.182273581504791,False,True
Microsoft Corporation,2023-02-23,2023-02-24,1,down,flat,0.21197739561599377,0.4329930719273145,0.3550295324566913,0.3550295324566913,-0.07796353947062323,False,False
Microsoft Corporation,2023-02-24,2023-02-27,1,flat,flat,0.28259551255186494,0.4676813866429256,0.24972310080520924,0.28259551255186494,-0.18508587409106064,False,True
Microsoft Corporation,2023-02-27,2023-02-28,1,flat,flat,0.1831853106568342,0.45823889026190634,0.3585757990812591,0.3585757990812591,-0.09966309118064726,False,True
Microsoft Corporation,2023-02-28,2023-03-01,1,flat,flat,0.26615890481616716,0.46655122971709584,0.26728986546673666,0.26728986546673666,-0.19926136425035917,False,True
Microsoft Corporation,2023-03-01,2023-03-02,1,flat,flat,0.26890879766293985,0.45775490963221027,0.2733362927048496,0.2733362927048496,-0.18441861692736067,False,True
Microsoft Corporation,2023-03-02,2023-03-03,1,up,flat,0.21953459666688366,0.48301921609222215,0.2974461872408938,0.2974461872408938,-0.18557302885132837,False,False
Microsoft Corporation,2023-03-03,2023-03-06,1,up,flat,0.15867247044796975,0.44558056365995896,0.39574696589207103,0.39574696589207103,-0.04983359776788793,False,False
Microsoft Corporation,2023-03-06,2023-03-07,1,flat,flat,0.1366846356776132,0.6055467586771162,0.25776860564527077,0.25776860564527077,-0.3477781530318454,False,True
Microsoft Corporation,2023-03-07,2023-03-08,1,flat,flat,0.2663711379414721,0.5643214286629176,0.16930743339561005,0.2663711379414721,-0.29795029072144547,False,True
Microsoft Corporation,2023-03-08,2023-03-09,1,flat,flat,0.2578001396025318,0.549366937793598,0.1928329226038698,0.2578001396025318,-0.29156679819106623,False,True
Microsoft Corporation,2023-03-09,2023-03-10,1,down,up,0.23344793821485177,0.38283552065236953,0.3837165411327784,0.3837165411327784,0.0008810204804088895,True,False
Microsoft Corporation,2023-03-10,2023-03-13,1,flat,flat,0.362144202175926,0.3982115422849884,0.2396442555390852,0.362144202175926,-0.036067340109062374,False,True
Microsoft Corporation,2023-03-13,2023-03-14,1,up,up,0.2188074179590488,0.3502686435682054,0.43092393847274557,0.43092393847274557,0.08065529490454015,True,True
Microsoft Corporation,2023-03-14,2023-03-15,1,up,flat,0.1479224907123391,0.4287340323896061,0.4233434768980546,0.4233434768980546,-0.005390555491551485,False,False
Microsoft Corporation,2023-03-15,2023-03-16,1,up,flat,0.20926066102945298,0.4320778050596262,0.3586615339109206,0.3586615339109206,-0.07341627114870558,False,False
Microsoft Corporation,2023-03-16,2023-03-17,1,up,flat,0.17994903211020646,0.47571251407088744,0.3443384538189059,0.3443384538189059,-0.13137406025198156,False,False
Microsoft Corporation,2023-03-17,2023-03-20,1,down,flat,0.23932274350478033,0.4701562735732572,0.2905209829219621,0.2905209829219621,-0.17963529065129508,False,False
Microsoft Corporation,2023-03-20,2023-03-21,1,flat,flat,0.4166330275691541,0.4894818648580043,0.09388510757284126,0.4166330275691541,-0.07284883728885022,False,True
Microsoft Corporation,2023-03-21,2023-03-22,1,flat,flat,0.28575134609191255,0.5486402629256013,0.1656083909824857,0.28575134609191255,-0.26288891683368876,False,True
Microsoft Corporation,2023-03-22,2023-03-23,1,flat,flat,0.24793602286891642,0.5099717473237739,0.24209222980730938,0.24793602286891642,-0.2620357244548575,False,True
Microsoft Corporation,2023-03-23,2023-03-24,1,flat,flat,0.2126794017939823,0.5327270792146506,0.25459351899136684,0.25459351899136684,-0.2781335602232837,False,True
Microsoft Corporation,2023-03-24,2023-03-27,1,flat,flat,0.1974779147675827,0.5609557066206186,0.24156637861179855,0.24156637861179855,-0.31938932800882003,False,True
Microsoft Corporation,2023-03-27,2023-03-28,1,flat,flat,0.21811724320275527,0.5490983751425553,0.2327843816546891,0.2327843816546891,-0.31631399348786626,False,True
Microsoft Corporation,2023-03-28,2023-03-29,1,up,flat,0.30351367890191805,0.4860516062477226,0.21043471485035908,0.30351367890191805,-0.18253792734580454,False,False
Microsoft Corporation,2023-03-29,2023-03-30,1,flat,flat,0.15470104773925436,0.49529450368142747,0.35000444857931773,0.35000444857931773,-0.14529005510210974,False,True
Microsoft Corporation,2023-03-30,2023-03-31,1,flat,flat,0.19268026621183446,0.5433137999807717,0.2640059338073937,0.2640059338073937,-0.279307866173378,False,True
Microsoft Corporation,2023-03-31,2023-04-03,1,flat,flat,0.25727886374364983,0.47276623211105673,0.2699549041452932,0.2699549041452932,-0.2028113279657635,False,True
Microsoft Corporation,2023-04-03,2023-04-04,1,flat,flat,0.20885861221660737,0.5520526573564872,0.23908873042690526,0.23908873042690526,-0.31296392692958197,False,True
Microsoft Corporation,2023-04-04,2023-04-05,1,flat,flat,0.2239359799739193,0.5095170630835144,0.2665469569425661,0.2665469569425661,-0.24297010614094833,False,True
Microsoft Corporation,2023-04-05,2023-04-06,1,flat,flat,0.297028716337008,0.5215621771931511,0.18140910646984065,0.297028716337008,-0.22453346085614312,False,True
Microsoft Corporation,2023-04-06,2023-04-10,1,flat,flat,0.2089680053783091,0.4533981458395253,0.3376338487821652,0.3376338487821652,-0.11576429705736013,False,True
Microsoft Corporation,2023-04-10,2023-04-11,1,down,flat,0.20011660005221524,0.5020067895242003,0.29787661042358426,0.29787661042358426,-0.20413017910061604,False,False
Microsoft Corporation,2023-04-11,2023-04-12,1,flat,flat,0.30127412632058553,0.4671797362006359,0.23154613747877828,0.30127412632058553,-0.16590560988005038,False,True
Microsoft Corporation,2023-04-12,2023-04-13,1,flat,flat,0.22520892142676685,0.4350991972127599,0.33969188136047307,0.33969188136047307,-0.09540731585228684,False,True
Microsoft Corporation,2023-04-13,2023-04-14,1,flat,flat,0.16061495195789216,0.4383030997153394,0.4010819483267682,0.4010819483267682,-0.03722115138857118,False,True
Microsoft Corporation,2023-04-14,2023-04-17,1,flat,flat,0.21756770020561872,0.48009164042592745,0.30234065936845367,0.30234065936845367,-0.17775098105747378,False,True
Microsoft Corporation,2023-04-17,2023-04-18,1,flat,flat,0.14425643273199779,0.4302057401563671,0.4255378271116349,0.4255378271116349,-0.004667913044732186,False,True
Microsoft Corporation,2023-04-18,2023-04-19,1,flat,flat,0.18530440613892146,0.45676188583254174,0.3579337080285364,0.3579337080285364,-0.09882817780400532,False,True
Microsoft Corporation,2023-04-19,2023-04-20,1,flat,flat,0.24149390024919742,0.4733401013426255,0.2851659984081768,0.2851659984081768,-0.1881741029344487,False,True
Microsoft Corporation,2023-04-20,2023-04-21,1,flat,flat,0.23412225172350248,0.3988752910216944,0.36700245725480285,0.36700245725480285,-0.03187283376689154,False,True
Microsoft Corporation,2023-04-21,2023-04-24,1,down,flat,0.23702413595126642,0.44348931770363664,0.31948654634509677,0.31948654634509677,-0.12400277135853988,False,False
Microsoft Corporation,2023-04-24,2023-04-25,1,down,up,0.2432189601658007,0.37669071282009114,0.3800903270141079,0.3800903270141079,0.0033996141940167424,True,False
Microsoft Corporation,2023-04-25,2023-04-26,1,up,up,0.27682334656366503,0.3541630341132062,0.3690136193231283,0.3690136193231283,0.014850585209922107,True,True
Microsoft Corporation,2023-04-26,2023-04-27,1,flat,up,0.09255215240082502,0.31944023579763453,0.5880076118015402,0.5880076118015402,0.2685673760039056,True,False
Microsoft Corporation,2023-04-27,2023-04-28,1,up,flat,0.24709301985742718,0.4697914480023957,0.2831155321401767,0.2831155321401767,-0.186675915862219,False,False
Microsoft Corporation,2023-04-28,2023-05-01,1,flat,flat,0.20780694449997814,0.518826767963858,0.27336628753616354,0.27336628753616354,-0.24546048042769442,False,True
Microsoft Corporation,2023-05-01,2023-05-02,1,flat,flat,0.2080875840741264,0.5693115257271337,0.22260089019873958,0.22260089019873958,-0.34671063552839415,False,True
Microsoft Corporation,2023-05-02,2023-05-03,1,flat,flat,0.3020923309960265,0.512031287560444,0.18587638144352914,0.3020923309960265,-0.20993895656441752,False,True
Microsoft Corporation,2023-05-03,2023-05-04,1,flat,flat,0.24100100024829635,0.5577826422295773,0.20121635752212597,0.24100100024829635,-0.31678164198128095,False,True
Microsoft Corporation,2023-05-04,2023-05-05,1,flat,flat,0.21474371069525822,0.5706957635624689,0.21456052574227263,0.21474371069525822,-0.35595205286721066,False,True
Microsoft Corporation,2023-05-05,2023-05-08,1,flat,flat,0.22164939495710662,0.4607139378254871,0.3176366672174059,0.3176366672174059,-0.14307727060808118,False,True
Microsoft Corporation,2023-05-08,2023-05-09,1,flat,flat,0.16321663570549072,0.5198443587021151,0.316939005592394,0.316939005592394,-0.20290535310972108,False,True
Microsoft Corporation,2023-05-09,2023-05-10,1,flat,flat,0.24778191153547538,0.5283399060858123,0.223878182378712,0.24778191153547538,-0.2805579945503369,False,True
Microsoft Corporation,2023-05-10,2023-05-11,1,flat,flat,0.2274295416792827,0.3948291523234134,0.3777413059973035,0.3777413059973035,-0.017087846326109934,False,True
Microsoft Corporation,2023-05-11,2023-05-12,1,flat,flat,0.3452854508078931,0.4553931481497446,0.19932140104236196,0.3452854508078931,-0.1101076973418515,False,True
Microsoft Corporation,2023-05-12,2023-05-15,1,flat,flat,0.19345013123290794,0.5510930106605575,0.25545685810653446,0.25545685810653446,-0.29563615255402304,False,True
Microsoft Corporation,2023-05-15,2023-05-16,1,flat,flat,0.20125847739679903,0.540402205586392,0.2583393170168089,0.2583393170168089,-0.28206288856958306,False,True
Microsoft Corporation,2023-05-16,2023-05-17,1,flat,flat,0.2483740875914526,0.3763026560156343,0.37532325639291286,0.37532325639291286,-0.000979399622721422,False,True
Microsoft Corporation,2023-05-17,2023-05-18,1,up,flat,0.20697290244040886,0.4698154123691326,0.3232116851904582,0.3232116851904582,-0.14660372717867443,False,False
Microsoft Corporation,2023-05-18,2023-05-19,1,flat,flat,0.20967015169306819,0.459600714477491,0.3307291338294404,0.3307291338294404,-0.1288715806480506,False,True
Microsoft Corporation,2023-05-19,2023-05-22,1,flat,flat,0.24974969361232494,0.49530159546640906,0.2549487109212658,0.2549487109212658,-0.24035288454514325,False,True
Microsoft Corporation,2023-05-22,2023-05-23,1,flat,flat,0.18484412023105556,0.5023329272051675,0.3128229525637765,0.3128229525637765,-0.18950997464139102,False,True
Microsoft Corporation,2023-05-23,2023-05-24,1,down,flat,0.3309338338583001,0.4579244046178764,0.21114176152382302,0.3309338338583001,-0.12699057075957632,False,False
Microsoft Corporation,2023-05-24,2023-05-25,1,up,flat,0.2463195703170982,0.4345460423304339,0.3191343873524676,0.3191343873524676,-0.11541165497796635,False,False
Microsoft Corporation,2023-05-25,2023-05-26,1,up,up,0.15913971346169353,0.26818700185944877,0.5726732846788575,0.5726732846788575,0.3044862828194087,True,True
Microsoft Corporation,2023-05-26,2023-05-30,1,up,flat,0.24200869285541615,0.4018010463349318,0.3561902608096519,0.3561902608096519,-0.04561078552527992,False,False
Microsoft Corporation,2023-05-30,2023-05-31,1,flat,flat,0.22929146452250593,0.46380628693710124,0.30690224854039255,0.30690224854039255,-0.1569040383967087,False,True
Microsoft Corporation,2023-05-31,2023-06-01,1,flat,flat,0.3765142450689804,0.40326251675122143,0.22022323817979778,0.3765142450689804,-0.02674827168224103,False,True
Microsoft Corporation,2023-06-01,2023-06-02,1,up,flat,0.24605437377270614,0.5135636211548058,0.24038200507248766,0.24605437377270614,-0.2675092473820997,False,False
Microsoft Corporation,2023-06-02,2023-06-05,1,flat,flat,0.15995026942273133,0.43479076725450616,0.40525896332276223,0.40525896332276223,-0.029531803931743927,False,True
Microsoft Corporation,2023-06-05,2023-06-06,1,flat,flat,0.20317074749954522,0.4995083828054944,0.29732086969495997,0.29732086969495997,-0.20218751311053446,False,True
Microsoft Corporation,2023-06-06,2023-06-07,1,down,flat,0.2529702713263978,0.5153088705348051,0.23172085813879678,0.2529702713263978,-0.2623385992084073,False,False
Microsoft Corporation,2023-06-07,2023-06-08,1,flat,flat,0.3704433610427245,0.3753393187323176,0.2542173202249576,0.3704433610427245,-0.004895957689593056,False,True
Microsoft Corporation,2023-06-08,2023-06-09,1,flat,flat,0.23541258582853522,0.4460671656217031,0.3185202485497614,0.3185202485497614,-0.1275469170719417,False,True
Microsoft Corporation,2023-06-09,2023-06-12,1,flat,up,0.21315021043854138,0.36681144286934114,0.42003834669211704,0.42003834669211704,0.053226903822775895,True,False
Microsoft Corporation,2023-06-12,2023-06-13,1,up,up,0.18463430847247309,0.4061771543458582,0.40918853718166837,0.40918853718166837,0.00301138283581015,True,True
Microsoft Corporation,2023-06-13,2023-06-14,1,flat,flat,0.13990429947921734,0.44289129415928574,0.4172044063614967,0.4172044063614967,-0.02568688779778905,False,True
Microsoft Corporation,2023-06-14,2023-06-15,1,up,flat,0.16916285943631912,0.45070629835241627,0.3801308422112643,0.3801308422112643,-0.07057545614115196,False,False
Microsoft Corporation,2023-06-15,2023-06-16,1,flat,up,0.2021829712112238,0.34918877902768447,0.44862824976109145,0.44862824976109145,0.09943947073340698,True,False
Microsoft Corporation,2023-06-16,2023-06-20,1,down,flat,0.2814936397062846,0.4030576139705555,0.31544874632315967,0.31544874632315967,-0.08760886764739584,False,False
Microsoft Corporation,2023-06-20,2023-06-21,1,down,flat,0.2906869048474828,0.5314765818957472,0.17783651325676997,0.2906869048474828,-0.24078967704826443,False,False
Microsoft Corporation,2023-06-21,2023-06-22,1,flat,flat,0.212127702691887,0.4978292538173511,0.29004304349076165,0.29004304349076165,-0.20778621032658945,False,True
Microsoft Corporation,2023-06-22,2023-06-23,1,flat,flat,0.17292712419554068,0.4204963558115598,0.4065765199928992,0.4065765199928992,-0.01391983581866063,False,True
Microsoft Corporation,2023-06-23,2023-06-26,1,down,flat,0.23264642884885145,0.46797377267747886,0.29937979847366936,0.29937979847366936,-0.1685939742038095,False,False
Microsoft Corporation,2023-06-26,2023-06-27,1,flat,flat,0.21965781761444206,0.4366846796059341,0.3436575027796235,0.3436575027796235,-0.09302717682631062,False,True
Microsoft Corporation,2023-06-27,2023-06-28,1,flat,up,0.18682944393489054,0.3590593083364771,0.45411124772863204,0.45411124772863204,0.09505193939215495,True,False
Microsoft Corporation,2023-06-28,2023-06-29,1,flat,up,0.15019373178839904,0.3909857151274703,0.4588205530841303,0.4588205530841303,0.06783483795665995,True,False
Microsoft Corporation,2023-06-29,2023-06-30,1,up,flat,0.2234436294818365,0.44304195273016655,0.3335144177879966,0.3335144177879966,-0.10952753494216994,False,False
Microsoft Corporation,2023-06-30,2023-07-03,1,flat,up,0.17573841429226392,0.34347812165295477,0.4807834640547811,0.4807834640547811,0.13730534240182635,True,False
Microsoft Corporation,2023-07-03,2023-07-05,1,flat,flat,0.16681637752795664,0.5369667940099726,0.2962168284620706,0.2962168284620706,-0.240749965547902,False,True
Microsoft Corporation,2023-07-05,2023-07-06,1,flat,flat,0.24541893246135937,0.4300747944930748,0.3245062730455653,0.3245062730455653,-0.1055685214475095,False,True
Microsoft Corporation,2023-07-06,2023-07-07,1,flat,up,0.19933747734209217,0.33656656552590336,0.46409595713200413,0.46409595713200413,0.12752939160610077,True,False
Microsoft Corporation,2023-07-07,2023-07-10,1,down,flat,0.18002944030130283,0.4776022340448134,0.34236832565388353,0.34236832565388353,-0.13523390839092986,False,False
Microsoft Corporation,2023-07-10,2023-07-11,1,flat,flat,0.3376741982510925,0.3730520081565218,0.2892737935923854,0.3376741982510925,-0.03537780990542927,False,True
Microsoft Corporation,2023-07-11,2023-07-12,1,up,up,0.16539258123738368,0.38359837952278897,0.4510090392398271,0.4510090392398271,0.06741065971703813,True,True
Microsoft Corporation,2023-07-12,2023-07-13,1,flat,up,0.14294947635838895,0.3213722360982013,0.5356782875434094,0.5356782875434094,0.2143060514452081,True,False
Microsoft Corporation,2023-07-13,2023-07-14,1,up,flat,0.1308012947183843,0.45010933125004093,0.41908937403157454,0.41908937403157454,-0.0310199572184664,False,False
Microsoft Corporation,2023-07-14,2023-07-17,1,flat,up,0.14903395638084946,0.41173606644477423,0.43922997717437606,0.43922997717437606,0.027493910729601834,True,False
Microsoft Corporation,2023-07-17,2023-07-18,1,up,flat,0.20714937228752855,0.5170048756557946,0.27584575205667666,0.27584575205667666,-0.2411591235991179,False,False
Microsoft Corporation,2023-07-18,2023-07-19,1,flat,up,0.20607687184744528,0.2995979144514793,0.4943252137010751,0.4943252137010751,0.19472729924959575,True,False
Microsoft Corporation,2023-07-19,2023-07-20,1,down,flat,0.24479451772165525,0.434163485722307,0.3210419965560375,0.3210419965560375,-0.11312148916626952,False,False
Microsoft Corporation,2023-07-20,2023-07-21,1,down,flat,0.3409342466221252,0.49541919398579354,0.1636465593920809,0.3409342466221252,-0.15448494736366836,False,False
Microsoft Corporation,2023-07-21,2023-07-24,1,flat,flat,0.35071797318599107,0.36486237133740984,0.28441965547659864,0.35071797318599107,-0.014144398151418769,False,True
Microsoft Corporation,2023-07-24,2023-07-25,1,flat,flat,0.13834529965832365,0.47718878985403795,0.3844659104876381,0.3844659104876381,-0.09272287936639984,False,True
Microsoft Corporation,2023-07-25,2023-07-26,1,down,up,0.1970729015446304,0.3144679158662625,0.4884591825891069,0.4884591825891069,0.17399126672284443,True,False
Microsoft Corporation,2023-07-26,2023-07-27,1,flat,down,0.38283653009612917,0.361732875487945,0.2554305944159255,0.38283653009612917,0.02110365460818414,True,False
Microsoft Corporation,2023-07-27,2023-07-28,1,flat,up,0.20409460087593045,0.39240304501054735,0.4035023541135218,0.4035023541135218,0.011099309102974464,True,False
Microsoft Corporation,2023-07-28,2023-07-31,1,flat,up,0.15680205716722467,0.375668784198102,0.467529158634673,0.467529158634673,0.09186037443657097,True,False
Microsoft Corporation,2023-07-31,2023-08-01,1,flat,flat,0.2078781687146723,0.40876821910868216,0.3833536121766451,0.3833536121766451,-0.025414606932037065,False,True
Microsoft Corporation,2023-08-01,2023-08-02,1,down,flat,0.18653794669979243,0.44197214538379637,0.3714899079164108,0.3714899079164108,-0.07048223746738558,False,False
Microsoft Corporation,2023-08-02,2023-08-03,1,flat,flat,0.2487035274804062,0.3907087291643173,0.36058774335527605,0.36058774335527605,-0.030120985809041267,False,True
Microsoft Corporation,2023-08-03,2023-08-04,1,flat,flat,0.18970080259074168,0.4121985489849329,0.39810064842432497,0.39810064842432497,-0.014097900560607945,False,True
Microsoft Corporation,2023-08-04,2023-08-07,1,flat,up,0.16018079346289318,0.35640085237068964,0.4834183541664167,0.4834183541664167,0.12701750179572707,True,False
Microsoft Corporation,2023-08-07,2023-08-08,1,flat,flat,0.21163146994555285,0.45409957327326905,0.33426895678117774,0.33426895678117774,-0.11983061649209131,False,True
Microsoft Corporation,2023-08-08,2023-08-09,1,flat,flat,0.20668593435326904,0.42127574100255794,0.37203832464417264,0.37203832464417264,-0.0492374163583853,False,True
Microsoft Corporation,2023-08-09,2023-08-10,1,flat,flat,0.16827471375100844,0.42262849182221196,0.40909679442677943,0.40909679442677943,-0.01353169739543253,False,True
Microsoft Corporation,2023-08-10,2023-08-11,1,down,up,0.1820423066545992,0.39813723834242154,0.4198204550029789,0.4198204550029789,0.021683216660557336,True,False
Microsoft Corporation,2023-08-11,2023-08-14,1,flat,up,0.22127123970349985,0.3864777232095844,0.3922510370869154,0.3922510370869154,0.005773313877330988,True,False
Microsoft Corporation,2023-08-14,2023-08-15,1,flat,up,0.16750811193512483,0.38921408267224666,0.44327780539262823,0.44327780539262823,0.05406372272038157,True,False
Microsoft Corporation,2023-08-15,2023-08-16,1,flat,up,0.19933636162929225,0.3955948753799384,0.405068762990769,0.405068762990769,0.009473887610830567,True,False
Microsoft Corporation,2023-08-16,2023-08-17,1,flat,flat,0.23295675059522952,0.3860994197413188,0.3809438296634512,0.3809438296634512,-0.005155590077867589,False,True
Microsoft Corporation,2023-08-17,2023-08-18,1,down,flat,0.2253245273876882,0.39869091892691827,0.3759845536853931,0.3759845536853931,-0.022706365241525195,False,False
Microsoft Corporation,2023-08-18,2023-08-21,1,up,up,0.22019699921645103,0.36102423132422773,0.4187787694593209,0.4187787694593209,0.05775453813509318,True,True
Microsoft Corporation,2023-08-21,2023-08-22,1,up,up,0.13946348136376932,0.31192950416575393,0.5486070144704767,0.5486070144704767,0.23667751030472273,True,True
Microsoft Corporation,2023-08-22,2023-08-23,1,flat,up,0.15231560219179988,0.42224549304180836,0.42543890476639135,0.42543890476639135,0.003193411724582984,True,False
Microsoft Corporation,2023-08-23,2023-08-24,1,flat,up,0.19168045831402825,0.3610663561854596,0.4472531855005117,0.4472531855005117,0.08618682931505206,True,False
Microsoft Corporation,2023-08-24,2023-08-25,1,down,flat,0.227634030545724,0.394859967158095,0.37750600229618064,0.37750600229618064,-0.017353964861914373,False,False
Microsoft Corporation,2023-08-25,2023-08-28,1,flat,flat,0.27345365662426696,0.4320138964555348,0.29453244692019787,0.29453244692019787,-0.13748144953533692,False,True
Microsoft Corporation,2023-08-28,2023-08-29,1,flat,up,0.16902969954380012,0.3962936138097778,0.4346766866464218,0.4346766866464218,0.038383072836643994,True,False
Microsoft Corporation,2023-08-29,2023-08-30,1,flat,up,0.19639912000817156,0.3850384562725221,0.41856242371930596,0.41856242371930596,0.033523967446783876,True,False
Microsoft Corporation,2023-08-30,2023-08-31,1,flat,flat,0.1448364287329906,0.4362497802750527,0.41891379099195647,0.41891379099195647,-0.01733598928309621,False,True
Microsoft Corporation,2023-08-31,2023-09-01,1,flat,up,0.29380154517435625,0.30255970427481205,0.40363875055083154,0.40363875055083154,0.10107904627601949,True,False
Microsoft Corporation,2023-09-01,2023-09-05,1,flat,flat,0.15283380496993765,0.4468038152502941,0.4003623797797679,0.4003623797797679,-0.046441435470526204,False,True
Microsoft Corporation,2023-09-05,2023-09-06,1,flat,up,0.17190320720024654,0.4072674102193319,0.42082938258042124,0.42082938258042124,0.013561972361089358,True,False
Microsoft Corporation,2023-09-06,2023-09-07,1,flat,flat,0.16666641282436157,0.4348203556523184,0.39851323152331963,0.39851323152331963,-0.03630712412899878,False,True
Microsoft Corporation,2023-09-07,2023-09-08,1,flat,flat,0.25006367429105547,0.4569345813345521,0.29300174437439197,0.29300174437439197,-0.16393283696016014,False,True
Microsoft Corporation,2023-09-08,2023-09-11,1,up,up,0.18730865923657236,0.343986540506881,0.4687048002565464,0.4687048002565464,0.12471825974966544,True,True
Microsoft Corporation,2023-09-11,2023-09-12,1,down,up,0.12168735953907861,0.4360585964227321,0.442254044038189,0.442254044038189,0.006195447615456928,True,False
Microsoft Corporation,2023-09-12,2023-09-13,1,flat,flat,0.27142387570582543,0.45645634154728626,0.2721197827468881,0.2721197827468881,-0.18433655880039818,False,True
Microsoft Corporation,2023-09-13,2023-09-14,1,up,flat,0.18845280681027976,0.4514520845644323,0.3600951086252876,0.3600951086252876,-0.09135697593914471,False,False
Microsoft Corporation,2023-09-14,2023-09-15,1,down,up,0.17899835557972246,0.34300141792371075,0.4780002264965666,0.4780002264965666,0.13499880857285584,True,False
Microsoft Corporation,2023-09-15,2023-09-18,1,down,down,0.4347702199503938,0.3521549778534268,0.2130748021961792,0.4347702199503938,0.08261524209696697,True,True
Microsoft Corporation,2023-09-18,2023-09-19,1,flat,flat,0.23210413970147037,0.46280759182163533,0.30508826847689385,0.30508826847689385,-0.15771932334474148,False,True
Microsoft Corporation,2023-09-19,2023-09-20,1,flat,flat,0.18845438875255438,0.41530166621611725,0.39624394503132815,0.39624394503132815,-0.0190577211847891,False,True
Microsoft Corporation,2023-09-20,2023-09-21,1,down,up,0.18625482536134585,0.3412063095294805,0.4725388651091734,0.4725388651091734,0.13133255557969292,True,False
Microsoft Corporation,2023-09-21,2023-09-22,1,flat,up,0.2797472691673355,0.32355985632456324,0.3966928745081009,0.3966928745081009,0.07313301818353768,True,False
Microsoft Corporation,2023-09-22,2023-09-25,1,flat,up,0.14393329957966855,0.35710756362693497,0.4989591367933962,0.4989591367933962,0.14185157316646124,True,False
Microsoft Corporation,2023-09-25,2023-09-26,1,down,up,0.19818351612199595,0.3707839603328445,0.43103252354515925,0.43103252354515925,0.060248563212314754,True,False
Microsoft Corporation,2023-09-26,2023-09-27,1,flat,up,0.21328306577244036,0.3284208253493973,0.45829610887816213,0.45829610887816213,0.12987528352876482,True,False
Microsoft Corporation,2023-09-27,2023-09-28,1,flat,up,0.1734379438870164,0.3525617184797947,0.4740003376331886,0.4740003376331886,0.12143861915339393,True,False
Microsoft Corporation,2023-09-28,2023-09-29,1,up,up,0.17197665040424576,0.31459322137198903,0.513430128223765,0.513430128223765,0.19883690685177596,True,True
Microsoft Corporation,2023-09-29,2023-10-02,1,flat,up,0.1579921626559451,0.2965385717554526,0.5454692655886021,0.5454692655886021,0.24893069383314947,True,False
Microsoft Corporation,2023-10-02,2023-10-03,1,flat,up,0.19226547065098676,0.3609226878545095,0.4468118414945035,0.4468118414945035,0.085889153639994,True,False
Microsoft Corporation,2023-10-03,2023-10-04,1,flat,flat,0.2752057550597104,0.4150520007240893,0.3097422442161999,0.3097422442161999,-0.10530975650788943,False,True
Microsoft Corporation,2023-10-04,2023-10-05,1,flat,up,0.21855200505991754,0.3852086206482608,0.3962393742918213,0.3962393742918213,0.011030753643560542,True,False
Microsoft Corporation,2023-10-05,2023-10-06,1,up,up,0.18067403719974345,0.3978551764195406,0.4214707863807155,0.4214707863807155,0.0236156099611749,True,True
Microsoft Corporation,2023-10-06,2023-10-09,1,up,up,0.17856746909880433,0.34493157877660974,0.47650095212458554,0.47650095212458554,0.1315693733479758,True,True
Microsoft Corporation,2023-10-09,2023-10-10,1,flat,flat,0.13381989103447417,0.4627823005902641,0.4033978083752615,0.4033978083752615,-0.05938449221500258,False,True
Microsoft Corporation,2023-10-10,2023-10-11,1,flat,flat,0.17585873554096476,0.4831566001239498,0.3409846643350851,0.3409846643350851,-0.14217193578886467,False,True
Microsoft Corporation,2023-10-11,2023-10-12,1,flat,flat,0.16783453807383514,0.47590583305124834,0.3562596288749163,0.3562596288749163,-0.11964620417633204,False,True
Microsoft Corporation,2023-10-12,2023-10-13,1,flat,flat,0.20353633362358395,0.5037238095420118,0.2927398568344042,0.2927398568344042,-0.2109839527076076,False,True
Microsoft Corporation,2023-10-13,2023-10-16,1,flat,flat,0.2565500370588159,0.4772760674088051,0.26617389553237847,0.26617389553237847,-0.21110217187642666,False,True
Microsoft Corporation,2023-10-16,2023-10-17,1,flat,up,0.1901055218536536,0.37962922638836505,0.430265251757981,0.430265251757981,0.05063602536961598,True,False
Microsoft Corporation,2023-10-17,2023-10-18,1,flat,flat,0.24174672320472668,0.4680785552270378,0.29017472156823526,0.29017472156823526,-0.17790383365880252,False,True
Microsoft Corporation,2023-10-18,2023-10-19,1,flat,up,0.22264484558100478,0.3524981904393512,0.4248569639796438,0.4248569639796438,0.07235877354029258,True,False
Microsoft Corporation,2023-10-19,2023-10-20,1,down,up,0.2001267127959626,0.34579965900634996,0.45407362819768704,0.45407362819768704,0.10827396919133708,True,False
Microsoft Corporation,2023-10-20,2023-10-23,1,flat,flat,0.32781613212066163,0.3989848017870427,0.2731990660922953,0.32781613212066163,-0.07116866966638108,False,True
Microsoft Corporation,2023-10-23,2023-10-24,1,flat,flat,0.24250487586644032,0.37908328151272586,0.3784118426208335,0.3784118426208335,-0.0006714388918923619,False,True
Microsoft Corporation,2023-10-24,2023-10-25,1,up,up,0.1930558251372907,0.3206134930798293,0.48633068178287986,0.48633068178287986,0.16571718870305058,True,True
Microsoft Corporation,2023-10-25,2023-10-26,1,down,up,0.16418644142992522,0.3091018351572729,0.5267117234128015,0.5267117234128015,0.21760988825552857,True,False
Microsoft Corporation,2023-10-26,2023-10-27,1,flat,flat,0.3619664841974225,0.45042641141426254,0.18760710438831452,0.3619664841974225,-0.08845992721684004,False,True
Microsoft Corporation,2023-10-27,2023-10-30,1,flat,flat,0.24283743138931746,0.4531039497931667,0.30405861881751556,0.30405861881751556,-0.14904533097565115,False,True
Microsoft Corporation,2023-10-30,2023-10-31,1,flat,up,0.14438631999459695,0.392684422076999,0.46292925792840367,0.46292925792840367,0.07024483585140467,True,False
Microsoft Corporation,2023-10-31,2023-11-01,1,up,flat,0.17121935946721922,0.45221242114765836,0.3765682193851221,0.3765682193851221,-0.07564420176253628,False,False
Microsoft Corporation,2023-11-01,2023-11-02,1,flat,up,0.16109982081097068,0.40215645589337595,0.43674372329565303,0.43674372329565303,0.03458726740227708,True,False
Microsoft Corporation,2023-11-02,2023-11-03,1,flat,flat,0.16483430068584928,0.4703644626874286,0.3648012366267217,0.3648012366267217,-0.1055632260607069,False,True
Microsoft Corporation,2023-11-03,2023-11-06,1,flat,flat,0.1722840247099458,0.4843620521870855,0.3433539231029684,0.3433539231029684,-0.14100812908411708,False,True
Microsoft Corporation,2023-11-06,2023-11-07,1,up,flat,0.1517776505242424,0.4970692731251933,0.3511530763505641,0.3511530763505641,-0.1459161967746292,False,False
Microsoft Corporation,2023-11-07,2023-11-08,1,flat,flat,0.22650508311191508,0.49168689655276293,0.28180802033532165,0.28180802033532165,-0.20987887621744128,False,True
Microsoft Corporation,2023-11-08,2023-11-09,1,flat,flat,0.2562205537665836,0.4806156982252887,0.2631637480081276,0.2631637480081276,-0.21745195021716113,False,True
Microsoft Corporation,2023-11-09,2023-11-10,1,flat,flat,0.23926656393766932,0.5351940399207963,0.2255393961415341,0.23926656393766932,-0.29592747598312696,False,True
Microsoft Corporation,2023-11-10,2023-11-13,1,flat,flat,0.2346125168242428,0.45409314149684804,0.3112943416789088,0.3112943416789088,-0.14279879981793925,False,True
Microsoft Corporation,2023-11-13,2023-11-14,1,flat,flat,0.2113888753295765,0.504533273899449,0.28407785077097414,0.28407785077097414,-0.22045542312847488,False,True
Microsoft Corporation,2023-11-14,2023-11-15,1,flat,flat,0.27430040261776234,0.40592152622029704,0.3197780711619404,0.3197780711619404,-0.08614345505835663,False,True
Microsoft Corporation,2023-11-15,2023-11-16,1,flat,flat,0.29690494432518266,0.4940415340427511,0.20905352163206586,0.29690494432518266,-0.19713658971756842,False,True
Microsoft Corporation,2023-11-16,2023-11-17,1,flat,flat,0.26004678683855287,0.44959039368823517,0.2903628194732115,0.2903628194732115,-0.15922757421502365,False,True
Microsoft Corporation,2023-11-17,2023-11-20,1,flat,down,0.4194795473757226,0.39282068780627255,0.18769976481800457,0.4194795473757226,0.026658859569450022,True,False
Microsoft Corporation,2023-11-20,2023-11-21,1,flat,flat,0.2974710692682567,0.35577838290691605,0.34675054782482684,0.34675054782482684,-0.009027835082089208,False,True
Microsoft Corporation,2023-11-21,2023-11-22,1,flat,flat,0.2562892442029605,0.504255909516302,0.23945484628073715,0.2562892442029605,-0.24796666531334144,False,True
Microsoft Corporation,2023-11-22,2023-11-24,1,flat,flat,0.1821509896487108,0.47884368611042705,0.3390053242408618,0.3390053242408618,-0.13983836186956522,False,True
Microsoft Corporation,2023-11-24,2023-11-27,1,flat,flat,0.20571013353739556,0.47775947345629255,0.3165303930063116,0.3165303930063116,-0.16122908044998097,False,True
Microsoft Corporation,2023-11-27,2023-11-28,1,flat,up,0.2692747432847822,0.35609511464744265,0.3746301420677748,0.3746301420677748,0.01853502742033214,True,False
Microsoft Corporation,2023-11-28,2023-11-29,1,flat,up,0.1814152973651906,0.40116309224679125,0.41742161038801795,0.41742161038801795,0.016258518141226697,True,False
Microsoft Corporation,2023-11-29,2023-11-30,1,flat,down,0.357214000438443,0.31127590238303093,0.331510097178526,0.357214000438443,0.04593809805541205,True,False
Microsoft Corporation,2023-11-30,2023-12-01,1,flat,flat,0.3253789611708518,0.39986032568425905,0.2747607131448887,0.3253789611708518,-0.07448136451340726,False,True
Microsoft Corporation,2023-12-01,2023-12-04,1,down,flat,0.26580799359635937,0.39116925025931815,0.34302275614432187,0.34302275614432187,-0.048146494114996274,False,False
Microsoft Corporation,2023-12-04,2023-12-05,1,flat,flat,0.2740693679335089,0.38136405755332387,0.34456657451316686,0.34456657451316686,-0.03679748304015701,False,True
Microsoft Corporation,2023-12-05,2023-12-06,1,flat,up,0.19196005066448563,0.3154800819118834,0.4925598674236307,0.4925598674236307,0.1770797855117473,True,False
Microsoft Corporation,2023-12-06,2023-12-07,1,flat,up,0.21247364249248296,0.31478754233136697,0.4727388151761498,0.4727388151761498,0.15795127284478283,True,False
Microsoft Corporation,2023-12-07,2023-12-08,1,flat,flat,0.21442584481778026,0.39871783215518547,0.3868563230270339,0.3868563230270339,-0.011861509128151593,False,True
Microsoft Corporation,2023-12-08,2023-12-11,1,flat,up,0.14188398646109282,0.34142340427203627,0.5166926092668707,0.5166926092668707,0.1752692049948344,True,False
Microsoft Corporation,2023-12-11,2023-12-12,1,flat,flat,0.24403033072803276,0.37942546758848755,0.3765442016834793,0.3765442016834793,-0.0028812659050082567,False,True
Microsoft Corporation,2023-12-12,2023-12-13,1,flat,up,0.12479384364160356,0.36663202674343337,0.5085741296149628,0.5085741296149628,0.14194210287152947,True,False
Microsoft Corporation,2023-12-13,2023-12-14,1,down,up,0.17220754060412602,0.32763011330015723,0.5001623460957165,0.5001623460957165,0.1725322327955593,True,False
Microsoft Corporation,2023-12-14,2023-12-15,1,flat,flat,0.34378570314770496,0.3657211259918878,0.29049317086040694,0.34378570314770496,-0.021935422844182817,False,True
Microsoft Corporation,2023-12-15,2023-12-18,1,flat,up,0.23729303806596502,0.303513546550855,0.4591934153831796,0.4591934153831796,0.1556798688323246,True,False
Microsoft Corporation,2023-12-18,2023-12-19,1,flat,up,0.16884154764331713,0.37708042112460527,0.4540780312320775,0.4540780312320775,0.07699761010747225,True,False
Microsoft Corporation,2023-12-19,2023-12-20,1,flat,up,0.1591343512783172,0.4008016960551083,0.44006395266657433,0.44006395266657433,0.03926225661146604,True,False
Microsoft Corporation,2023-12-20,2023-12-21,1,flat,up,0.17312433023279833,0.35401766566229387,0.4728580041049073,0.4728580041049073,0.11884033844261344,True,False
Microsoft Corporation,2023-12-21,2023-12-22,1,flat,up,0.1484702864335245,0.4192024847008309,0.43232722886564423,0.43232722886564423,0.013124744164813351,True,False
Microsoft Corporation,2023-12-22,2023-12-26,1,flat,up,0.12970006354671104,0.3900764699877963,0.4802234664654924,0.4802234664654924,0.09014699647769608,True,False
Microsoft Corporation,2023-12-26,2023-12-27,1,flat,up,0.1461682747636509,0.39520329572830537,0.4586284295080434,0.4586284295080434,0.06342513377973802,True,False
Microsoft Corporation,2023-12-27,2023-12-28,1,flat,flat,0.20743879054116712,0.42783434148810173,0.36472686797073073,0.36472686797073073,-0.063107473517371,False,True
Microsoft Corporation,2023-12-28,2023-12-29,1,flat,up,0.13141605473167303,0.3787708306270402,0.48981311464128663,0.48981311464128663,0.11104228401424643,True,False
Microsoft Corporation,2023-12-29,2024-01-02,1,down,up,0.18763881317490066,0.3784730431459578,0.43388814367914097,0.43388814367914097,0.05541510053318316,True,False
Microsoft Corporation,2024-01-02,2024-01-03,1,flat,flat,0.25240413735570005,0.38624028469224747,0.36135557795205203,0.36135557795205203,-0.02488470674019544,False,True
Microsoft Corporation,2024-01-03,2024-01-04,1,flat,up,0.1998044151051272,0.36023977982388783,0.43995580507098464,0.43995580507098464,0.07971602524709681,True,False
Microsoft Corporation,2024-01-04,2024-01-05,1,flat,up,0.20028393310013778,0.35679909242637287,0.44291697447348904,0.44291697447348904,0.08611788204711618,True,False
Microsoft Corporation,2024-01-05,2024-01-08,1,up,up,0.20124822966178357,0.35551364338126135,0.4432381269569547,0.4432381269569547,0.08772448357569335,True,True
Microsoft Corporation,2024-01-08,2024-01-09,1,flat,up,0.15153815166862653,0.29645910003611653,0.5520027482952568,0.5520027482952568,0.2555436482591402,True,False
Microsoft Corporation,2024-01-09,2024-01-10,1,up,up,0.1571394920248093,0.3397746544827972,0.5030858534923934,0.5030858534923934,0.16331119900959623,True,True
Microsoft Corporation,2024-01-10,2024-01-11,1,up,up,0.13839135278019554,0.3320154086884396,0.5295932385313648,0.5295932385313648,0.19757782984292516,True,True
Microsoft Corporation,2024-01-11,2024-01-12,1,flat,up,0.16607970333314767,0.41183926765974366,0.4220810290071084,0.4220810290071084,0.010241761347364764,True,False
Microsoft Corporation,2024-01-12,2024-01-16,1,up,flat,0.18967366180666187,0.42962002178377123,0.38070631640956676,0.38070631640956676,-0.048913705374204475,False,False
Microsoft Corporation,2024-01-16,2024-01-17,1,down,up,0.19663081142687966,0.3982173679301339,0.4051518206429864,0.4051518206429864,0.006934452712852479,True,False
Microsoft Corporation,2024-01-17,2024-01-18,1,up,flat,0.2699846120316395,0.48327584195347606,0.2467395460148841,0.2699846120316395,-0.21329122992183658,False,False
Microsoft Corporation,2024-01-18,2024-01-19,1,up,up,0.17413916555626557,0.4069338288008337,0.4189270056429005,0.4189270056429005,0.0119931768420668,True,True
Microsoft Corporation,2024-01-19,2024-01-22,1,flat,up,0.2068520588468447,0.3739699461582439,0.41917799499491104,0.41917799499491104,0.045208048836667125,True,False
Microsoft Corporation,2024-01-22,2024-01-23,1,flat,flat,0.2449588897047968,0.4243291945254581,0.33071191576974485,0.33071191576974485,-0.09361727875571324,False,True
Microsoft Corporation,2024-01-23,2024-01-24,1,up,flat,0.20853633237469213,0.43474759223774634,0.356716075387561,0.356716075387561,-0.07803151685018533,False,False
Microsoft Corporation,2024-01-24,2024-01-25,1,flat,up,0.19071434166749215,0.3970450838256966,0.41224057450681095,0.41224057450681095,0.015195490681114365,True,False
Microsoft Corporation,2024-01-25,2024-01-26,1,flat,flat,0.2262268439261078,0.4491447770601699,0.324628379013722,0.324628379013722,-0.12451639804644793,False,True
Microsoft Corporation,2024-01-26,2024-01-29,1,flat,flat,0.2134096618351592,0.47949599004456767,0.30709434812027275,0.30709434812027275,-0.1724016419242949,False,True
Microsoft Corporation,2024-01-29,2024-01-30,1,flat,up,0.25352963396388767,0.35762611022847157,0.3888442558076405,0.3888442558076405,0.03121814557916891,True,False
Microsoft Corporation,2024-01-30,2024-01-31,1,down,up,0.28597195101902895,0.35585231012534013,0.3581757388556306,0.3581757388556306,0.0023234287302904555,True,False
Microsoft Corporation,2024-01-31,2024-02-01,1,flat,down,0.44219976269177336,0.3566399921977847,0.20116024511044164,0.44219976269177336,0.08555977049398866,True,False
Microsoft Corporation,2024-02-01,2024-02-02,1,flat,flat,0.21933495490968158,0.40936349397737226,0.3713015511129457,0.3713015511129457,-0.038061942864426546,False,True
Microsoft Corporation,2024-02-02,2024-02-05,1,flat,up,0.1821024233532854,0.343097188126182,0.4748003885205324,0.4748003885205324,0.1317032003943504,True,False
Microsoft Corporation,2024-02-05,2024-02-06,1,flat,flat,0.2451957654738644,0.41786583801695,0.3369383965091851,0.3369383965091851,-0.08092744150776487,False,True
Microsoft Corporation,2024-02-06,2024-02-07,1,up,flat,0.22589573353662085,0.4326184769238788,0.34148578953950004,0.34148578953950004,-0.09113268738437874,False,False
Microsoft Corporation,2024-02-07,2024-02-08,1,flat,up,0.1429269713183693,0.378432941430382,0.4786400872512484,0.4786400872512484,0.10020714582086643,True,False
Microsoft Corporation,2024-02-08,2024-02-09,1,flat,flat,0.14819858979437,0.4280510084488366,0.4237504017567931,0.4237504017567931,-0.004300606692043463,False,True
Microsoft Corporation,2024-02-09,2024-02-12,1,flat,flat,0.14263062640214186,0.47224226003353253,0.3851271135643255,0.3851271135643255,-0.08711514646920704,False,True
Microsoft Corporation,2024-02-12,2024-02-13,1,down,flat,0.1828648327227797,0.49021572885232534,0.32691943842489474,0.32691943842489474,-0.1632962904274306,False,False
Microsoft Corporation,2024-02-13,2024-02-14,1,flat,flat,0.3607023579729205,0.3925444434246953,0.24675319860238382,0.3607023579729205,-0.031842085451774804,False,True
Microsoft Corporation,2024-02-14,2024-02-15,1,flat,up,0.1640805091021538,0.33750180201645075,0.49841768888139515,0.49841768888139515,0.1609158868649444,True,False
Microsoft Corporation,2024-02-15,2024-02-16,1,flat,flat,0.19234943108754782,0.41199640620473243,0.3956541627077195,0.3956541627077195,-0.01634224349701291,False,True
Microsoft Corporation,2024-02-16,2024-02-20,1,flat,flat,0.19841915627857343,0.40982489859374144,0.39175594512768486,0.39175594512768486,-0.01806895346605658,False,True
Microsoft Corporation,2024-02-20,2024-02-21,1,flat,up,0.17869269650922892,0.37088594363955085,0.45042135985121984,0.45042135985121984,0.07953541621166899,True,False
Microsoft Corporation,2024-02-21,2024-02-22,1,up,up,0.19214911109967797,0.3801321478864926,0.42771874101382923,0.42771874101382923,0.04758659312733665,True,True
Microsoft Corporation,2024-02-22,2024-02-23,1,flat,up,0.13059614940282924,0.2797169490654298,0.5896869015317407,0.5896869015317407,0.3099699524663109,True,False
Microsoft Corporation,2024-02-23,2024-02-26,1,flat,flat,0.15506678398370036,0.44879845579249766,0.39613476022380156,0.39613476022380156,-0.0526636955686961,False,True
Microsoft Corporation,2024-02-26,2024-02-27,1,flat,flat,0.21083659182362083,0.4959947749449556,0.2931686332314232,0.2931686332314232,-0.20282614171353236,False,True
Microsoft Corporation,2024-02-27,2024-02-28,1,flat,flat,0.18421413113108864,0.429856660662598,0.38592920820631305,0.38592920820631305,-0.04392745245628493,False,True
Microsoft Corporation,2024-02-28,2024-02-29,1,flat,up,0.18423886978419285,0.40408486211156336,0.4116762681042435,0.4116762681042435,0.007591405992680156,True,False
Microsoft Corporation,2024-02-29,2024-03-01,1,flat,up,0.1852954889453876,0.2782842398185514,0.5364202712360608,0.5364202712360608,0.25813603141750946,True,False
Microsoft Corporation,2024-03-01,2024-03-04,1,flat,flat,0.13668118821392794,0.4402643603282267,0.42305445145784504,0.42305445145784504,-0.01720990887038165,False,True
Microsoft Corporation,2024-03-04,2024-03-05,1,down,flat,0.14194045221409207,0.45011976625160943,0.4079397815342983,0.4079397815342983,-0.04217998471731116,False,False
Microsoft Corporation,2024-03-05,2024-03-06,1,down,flat,0.30465984947985936,0.35948664682225745,0.335853503697883,0.335853503697883,-0.023633143124374423,False,False
Microsoft Corporation,2024-03-06,2024-03-07,1,up,up,0.21097182541592904,0.3857593676426711,0.40326880694139944,0.40326880694139944,0.017509439298728335,True,True
Microsoft Corporation,2024-03-07,2024-03-08,1,flat,up,0.15050741846732138,0.3411632402015737,0.5083293413311045,0.5083293413311045,0.16716610112953084,True,False
Microsoft Corporation,2024-03-08,2024-03-11,1,down,flat,0.19998320462354577,0.4140355379359801,0.38598125744047385,0.38598125744047385,-0.028054280495506234,False,False
Microsoft Corporation,2024-03-11,2024-03-12,1,up,flat,0.2082317190741388,0.423435489084345,0.3683327918415158,0.3683327918415158,-0.05510269724282918,False,False
Microsoft Corporation,2024-03-12,2024-03-13,1,up,up,0.12076629893406353,0.29580118295038266,0.5834325181155535,0.5834325181155535,0.28763133516517086,True,True
Microsoft Corporation,2024-03-13,2024-03-14,1,up,up,0.1278002355733909,0.43399939157173495,0.43820037285487384,0.43820037285487384,0.004200981283138894,True,True
Microsoft Corporation,2024-03-14,2024-03-15,1,down,up,0.18529356397517088,0.3435043630089494,0.4712020730158795,0.4712020730158795,0.12769771000693014,True,False
Microsoft Corporation,2024-03-15,2024-03-18,1,flat,flat,0.35531109404175165,0.4091860409501753,0.23550286500807271,0.35531109404175165,-0.05387494690842365,False,True
Microsoft Corporation,2024-03-18,2024-03-19,1,flat,flat,0.16519485703851133,0.5099034211452336,0.32490172181625493,0.32490172181625493,-0.18500169932897864,False,True
Microsoft Corporation,2024-03-19,2024-03-20,1,flat,up,0.156254010594604,0.38914165179846066,0.454604337606935,0.454604337606935,0.06546268580847436,True,False
Microsoft Corporation,2024-03-20,2024-03-21,1,up,flat,0.11778253743293843,0.4436718911839307,0.43854557138313055,0.43854557138313055,-0.005126319800800139,False,False
Microsoft Corporation,2024-03-21,2024-03-22,1,flat,up,0.16136696438436893,0.3961972105749143,0.44243582504071644,0.44243582504071644,0.04623861446580213,True,False
Microsoft Corporation,2024-03-22,2024-03-25,1,down,flat,0.17406891123178453,0.48465767792708037,0.3412734108411348,0.3412734108411348,-0.14338426708594554,False,False
Microsoft Corporation,2024-03-25,2024-03-26,1,flat,flat,0.23241548800322182,0.4753903928466442,0.2921941191501337,0.2921941191501337,-0.18319627369651048,False,True
Microsoft Corporation,2024-03-26,2024-03-27,1,flat,flat,0.18887351412646575,0.43069923503557445,0.38042725083795953,0.38042725083795953,-0.050271984197614916,False,True
Microsoft Corporation,2024-03-27,2024-03-28,1,flat,flat,0.2550919980200175,0.42410739728737235,0.32080060469260985,0.32080060469260985,-0.1033067925947625,False,True
Microsoft Corporation,2024-03-28,2024-04-01,1,flat,flat,0.23373095908064526,0.3866396462018374,0.379629394717517,0.379629394717517,-0.0070102514843203845,False,True
Microsoft Corporation,2024-04-01,2024-04-02,1,down,up,0.1440054851922222,0.3897836935176018,0.46621082129017566,0.46621082129017566,0.07642712777257388,True,False
Microsoft Corporation,2024-04-02,2024-04-03,1,flat,flat,0.2507295033139668,0.4297639273773611,0.31950656930867205,0.31950656930867205,-0.11025735806868903,False,True
Microsoft Corporation,2024-04-03,2024-04-04,1,flat,up,0.18958277855075012,0.4020232403369522,0.40839398111229736,0.40839398111229736,0.006370740775345163,True,False
Microsoft Corporation,2024-04-04,2024-04-05,1,flat,up,0.19343647195933855,0.3366607074344794,0.4699028206061817,0.4699028206061817,0.13324211317170231,True,False
Microsoft Corporation,2024-04-05,2024-04-08,1,flat,flat,0.19990620591178138,0.419923773133588,0.3801700209546303,0.3801700209546303,-0.03975375217895766,False,True
Microsoft Corporation,2024-04-08,2024-04-09,1,flat,up,0.1553754458425154,0.3932305582664359,0.4513939958910484,0.4513939958910484,0.05816343762461251,True,False
Microsoft Corporation,2024-04-09,2024-04-10,1,down,flat,0.17190605562367933,0.41717281023718245,0.41092113413913783,0.41092113413913783,-0.006251676098044612,False,False
Microsoft Corporation,2024-04-10,2024-04-11,1,up,flat,0.2160617168843234,0.4065136985286303,0.3774245845870459,0.3774245845870459,-0.029089113941584366,False,False
Microsoft Corporation,2024-04-11,2024-04-12,1,down,up,0.10676044698066547,0.36139973921179475,0.5318398138075394,0.5318398138075394,0.17044007459574467,True,False
Microsoft Corporation,2024-04-12,2024-04-15,1,flat,flat,0.23408987879070658,0.4132102407297048,0.35269988047958806,0.35269988047958806,-0.060510360250116746,False,True
Microsoft Corporation,2024-04-15,2024-04-16,1,down,up,0.21385158269703985,0.36233721259425117,0.42381120470870853,0.42381120470870853,0.061473992114457365,True,False
Microsoft Corporation,2024-04-16,2024-04-17,1,flat,up,0.1609490541356174,0.37159929072006415,0.46745165514431797,0.46745165514431797,0.09585236442425382,True,False
Microsoft Corporation,2024-04-17,2024-04-18,1,down,up,0.1454715118920903,0.34677036120687915,0.5077581269010303,0.5077581269010303,0.16098776569415113,True,False
Microsoft Corporation,2024-04-18,2024-04-19,1,down,up,0.2134929304759815,0.3106245578583914,0.4758825116656266,0.4758825116656266,0.16525795380723524,True,False
Microsoft Corporation,2024-04-19,2024-04-22,1,flat,up,0.18342327654244925,0.2978779431678864,0.5186987802896639,0.5186987802896639,0.22082083712177747,True,False
Microsoft Corporation,2024-04-22,2024-04-23,1,up,up,0.14292842331332592,0.3144177857093844,0.5426537909772895,0.5426537909772895,0.2282360052679051,True,True
Microsoft Corporation,2024-04-23,2024-04-24,1,flat,up,0.12956179170034876,0.30126185862349286,0.569176349676158,0.569176349676158,0.2679144910526652,True,False
Microsoft Corporation,2024-04-24,2024-04-25,1,down,up,0.15618440083047178,0.3628856838715756,0.4809299152979522,0.4809299152979522,0.1180442314263766,True,False
Microsoft Corporation,2024-04-25,2024-04-26,1,up,down,0.4172913725803288,0.29334870750620196,0.2893599199134688,0.4172913725803288,0.12394266507412682,True,False
Microsoft Corporation,2024-04-26,2024-04-29,1,down,up,0.1158326778472156,0.3205643611213021,0.5636029610314819,0.5636029610314819,0.2430385999101798,True,False
Microsoft Corporation,2024-04-29,2024-04-30,1,down,flat,0.2677561203986901,0.43298847841690447,0.29925540118440497,0.29925540118440497,-0.1337330772324995,False,False
Microsoft Corporation,2024-04-30,2024-05-01,1,flat,flat,0.3133343409170828,0.36151337681346507,0.3251522822694519,0.3251522822694519,-0.03636109454401315,False,True
Microsoft Corporation,2024-05-01,2024-05-02,1,flat,up,0.14489000640396865,0.3406046232659553,0.5145053703300757,0.5145053703300757,0.1739007470641204,True,False
Microsoft Corporation,2024-05-02,2024-05-03,1,up,up,0.14446468756406927,0.36944232726198173,0.4860929851739486,0.4860929851739486,0.11665065791196688,True,True
Microsoft Corporation,2024-05-03,2024-05-06,1,up,up,0.11944091016104988,0.414287562495196,0.46627152734375377,0.46627152734375377,0.05198396484855777,True,True
Microsoft Corporation,2024-05-06,2024-05-07,1,flat,flat,0.1154975256585855,0.46630272088714986,0.4181997534542642,0.4181997534542642,-0.04810296743288567,False,True
Microsoft Corporation,2024-05-07,2024-05-08,1,flat,flat,0.21695939285023663,0.4671863916915895,0.3158542154581736,0.3158542154581736,-0.15133217623341588,False,True
Microsoft Corporation,2024-05-08,2024-05-09,1,flat,flat,0.16945214703702238,0.5161670154444701,0.3143808375185073,0.3143808375185073,-0.20178617792596276,False,True
Microsoft Corporation,2024-05-09,2024-05-10,1,flat,flat,0.18562424897798638,0.43990304431724825,0.37447270670476496,0.37447270670476496,-0.06543033761248329,False,True
Microsoft Corporation,2024-05-10,2024-05-13,1,flat,flat,0.15540667430909985,0.47968583852820423,0.3649074871626955,0.3649074871626955,-0.11477835136550874,False,True
Microsoft Corporation,2024-05-13,2024-05-14,1,flat,flat,0.1711641653489228,0.4681063148474216,0.3607295198036553,0.3607295198036553,-0.1073767950437663,False,True
Microsoft Corporation,2024-05-14,2024-05-15,1,up,flat,0.17713315024721946,0.5028044812582524,0.320062368494528,0.320062368494528,-0.18274211276372437,False,False
Microsoft Corporation,2024-05-15,2024-05-16,1,flat,up,0.14878862033616935,0.37309622626965133,0.47811515339417904,0.47811515339417904,0.1050189271245277,True,False
Microsoft Corporation,2024-05-16,2024-05-17,1,flat,flat,0.17575216524862577,0.47766916082412925,0.3465786739272446,0.3465786739272446,-0.13109048689688463,False,True
Microsoft Corporation,2024-05-17,2024-05-20,1,flat,flat,0.2275858803685408,0.5016060286441053,0.27080809098735364,0.27080809098735364,-0.23079793765675166,False,True
Microsoft Corporation,2024-05-20,2024-05-21,1,up,flat,0.17997042856012158,0.4644484667910754,0.35558110464880277,0.35558110464880277,-0.1088673621422726,False,False
Microsoft Corporation,2024-05-21,2024-05-22,1,flat,flat,0.1915792839984693,0.4315687185952961,0.37685199740623426,0.37685199740623426,-0.054716721189061845,False,True
Microsoft Corporation,2024-05-22,2024-05-23,1,flat,flat,0.203930509765944,0.47687166738735853,0.3191978228466971,0.3191978228466971,-0.1576738445406614,False,True
Microsoft Corporation,2024-05-23,2024-05-24,1,flat,flat,0.21672556062621878,0.4957482452891159,0.28752619408466495,0.28752619408466495,-0.20822205120445092,False,True
Microsoft Corporation,2024-05-24,2024-05-28,1,flat,flat,0.21697151562042327,0.4877764941939534,0.29525199018562287,0.29525199018562287,-0.19252450400833054,False,True
Microsoft Corporation,2024-05-28,2024-05-29,1,flat,up,0.30120259721395454,0.31109111829457636,0.3877062844914686,0.3877062844914686,0.07661516619689224,True,False
Microsoft Corporation,2024-05-29,2024-05-30,1,down,flat,0.28479767992308885,0.39514782172115365,0.32005449835575717,0.32005449835575717,-0.07509332336539648,False,False
Microsoft Corporation,2024-05-30,2024-05-31,1,down,down,0.39018846120578254,0.3205981958555316,0.2892133429386854,0.39018846120578254,0.06959026535025092,True,True
Microsoft Corporation,2024-05-31,2024-06-03,1,flat,up,0.29721433775148914,0.30091422439378374,0.4018714378547268,0.4018714378547268,0.10095721346094305,True,False
Microsoft Corporation,2024-06-03,2024-06-04,1,flat,up,0.1414694662526037,0.3360880392958576,0.5224424944515385,0.5224424944515385,0.18635445515568083,True,False
Microsoft Corporation,2024-06-04,2024-06-05,1,up,up,0.18086457537377157,0.3018498350329803,0.5172855895932479,0.5172855895932479,0.2154357545602676,True,True
Microsoft Corporation,2024-06-05,2024-06-06,1,flat,up,0.14741446771728725,0.29567247153336323,0.5569130607493493,0.5569130607493493,0.2612405892159861,True,False
Microsoft Corporation,2024-06-06,2024-06-07,1,flat,up,0.15920935944552425,0.347895650821575,0.4928949897329006,0.4928949897329006,0.1449993389113256,True,False
Microsoft Corporation,2024-06-07,2024-06-10,1,flat,up,0.17963913490987157,0.379973795068131,0.4403870700219972,0.4403870700219972,0.06041327495386617,True,False
Microsoft Corporation,2024-06-10,2024-06-11,1,flat,flat,0.12988774399063213,0.46674897215015965,0.40336328385920794,0.40336328385920794,-0.0633856882909517,False,True
Microsoft Corporation,2024-06-11,2024-06-12,1,up,flat,0.14064094390642576,0.4571126477827211,0.4022464083108528,0.4022464083108528,-0.054866239471868306,False,False
Microsoft Corporation,2024-06-12,2024-06-13,1,flat,up,0.12444701997567756,0.4235154510144452,0.4520375290098769,0.4520375290098769,0.028522077995431716,True,False
Microsoft Corporation,2024-06-13,2024-06-14,1,flat,flat,0.14391387795941002,0.5092826363878717,0.3468034856527178,0.3468034856527178,-0.16247915073515395,False,True
Microsoft Corporation,2024-06-14,2024-06-15,1,flat,flat,0.16918479335082917,0.5333855556721032,0.2974296509770674,0.2974296509770674,-0.2359559046950358,False,True
NVIDIA Corporation,2021-07-26,2021-07-27,1,flat,flat,0.3022130925121735,0.4658280403874502,0.2319588671003761,0.3022130925121735,-0.1636149478752767,False,True
NVIDIA Corporation,2021-07-27,2021-07-28,1,flat,flat,0.20715155222565163,0.4574257491812078,0.3354226985931405,0.3354226985931405,-0.12200305058806732,False,True
NVIDIA Corporation,2021-07-28,2021-07-29,1,flat,flat,0.14463510909909594,0.46812980942194704,0.38723508147895674,0.38723508147895674,-0.0808947279429903,False,True
NVIDIA Corporation,2021-07-29,2021-07-30,1,flat,flat,0.13386461952378198,0.5000946664568494,0.36604071401936844,0.36604071401936844,-0.13405395243748097,False,True
NVIDIA Corporation,2021-07-30,2021-08-02,1,flat,flat,0.23660686786057492,0.44484933749973476,0.3185437946396902,0.3185437946396902,-0.12630554286004458,False,True
NVIDIA Corporation,2021-08-02,2021-08-03,1,flat,flat,0.15254166775342695,0.5225691856909693,0.32488914655560364,0.32488914655560364,-0.1976800391353657,False,True
NVIDIA Corporation,2021-08-03,2021-08-04,1,flat,flat,0.2061676475152427,0.4692759782727418,0.32455637421201533,0.32455637421201533,-0.14471960406072648,False,True
NVIDIA Corporation,2021-08-04,2021-08-05,1,up,flat,0.13749377339899016,0.5085683673020484,0.35393785929896127,0.35393785929896127,-0.15463050800308709,False,False
NVIDIA Corporation,2021-08-05,2021-08-06,1,flat,flat,0.13948795505351147,0.506101162245259,0.35441088270122934,0.35441088270122934,-0.1516902795440297,False,True
NVIDIA Corporation,2021-08-06,2021-08-09,1,flat,flat,0.256316813851835,0.43197717138133107,0.31170601476683374,0.31170601476683374,-0.12027115661449733,False,True
NVIDIA Corporation,2021-08-09,2021-08-10,1,flat,flat,0.2712831456281003,0.39883132245777997,0.3298855319141196,0.3298855319141196,-0.06894579054366035,False,True
NVIDIA Corporation,2021-08-10,2021-08-11,1,down,flat,0.30308878811827156,0.3513466235897456,0.34556458829198267,0.34556458829198267,-0.005782035297762944,False,False
NVIDIA Corporation,2021-08-11,2021-08-12,1,flat,flat,0.31891189362058536,0.3686406541831305,0.312447452196284,0.31891189362058536,-0.04972876056254516,False,True
NVIDIA Corporation,2021-08-12,2021-08-13,1,flat,up,0.1853492296816689,0.33043012267286476,0.48422064764546635,0.48422064764546635,0.1537905249726016,True,False
NVIDIA Corporation,2021-08-13,2021-08-16,1,flat,up,0.17927849681853558,0.36165597657194726,0.4590655266095169,0.4590655266095169,0.09740955003756963,True,False
NVIDIA Corporation,2021-08-16,2021-08-17,1,down,up,0.31181456092851356,0.33326940392202015,0.3549160351494661,0.3549160351494661,0.021646631227445978,True,False
NVIDIA Corporation,2021-08-17,2021-08-18,1,flat,down,0.4024147241548264,0.3095969274529884,0.2879883483921851,0.4024147241548264,0.09281779670183798,True,False
NVIDIA Corporation,2021-08-18,2021-08-19,1,up,down,0.35916164781636156,0.3114588426666355,0.3293795095170028,0.35916164781636156,0.04770280514972608,True,False
NVIDIA Corporation,2021-08-19,2021-08-20,1,up,up,0.19887324355536715,0.23522100872721438,0.5659057477174185,0.5659057477174185,0.3306847389902041,True,True
NVIDIA Corporation,2021-08-20,2021-08-23,1,up,up,0.1417584628501727,0.2702754398635662,0.587966097286261,0.587966097286261,0.3176906574226948,True,True
NVIDIA Corporation,2021-08-23,2021-08-24,1,flat,up,0.1316596425036604,0.33838902212766764,0.5299513353686718,0.5299513353686718,0.19156231324100415,True,False
NVIDIA Corporation,2021-08-24,2021-08-25,1,flat,flat,0.20876626388148814,0.480965605759919,0.3102681303585927,0.3102681303585927,-0.1706974754013263,False,True
NVIDIA Corporation,2021-08-25,2021-08-26,1,flat,flat,0.24399909853359786,0.4339679254108285,0.32203297605557324,0.32203297605557324,-0.11193494935525528,False,True
NVIDIA Corporation,2021-08-26,2021-08-27,1,flat,flat,0.2690084441566359,0.46021178908916194,0.2707797667542021,0.2707797667542021,-0.18943202233495982,False,True
NVIDIA Corporation,2021-08-27,2021-08-30,1,flat,flat,0.18668916875923933,0.4122904985515969,0.40102033268916354,0.40102033268916354,-0.011270165862433346,False,True
NVIDIA Corporation,2021-08-30,2021-08-31,1,flat,flat,0.1628962291419902,0.4411976936875647,0.3959060771704451,0.3959060771704451,-0.04529161651711955,False,True
NVIDIA Corporation,2021-08-31,2021-09-01,1,flat,up,0.33359586328702107,0.3184627458061781,0.3479413909068007,0.3479413909068007,0.02947864510062259,True,False
NVIDIA Corporation,2021-09-01,2021-09-02,1,flat,up,0.22960230630595052,0.3736291359283068,0.39676855776574255,0.39676855776574255,0.023139421837435725,True,False
NVIDIA Corporation,2021-09-02,2021-09-03,1,flat,up,0.25214953095377773,0.36449065961589494,0.3833598094303272,0.3833598094303272,0.018869149814432273,True,False
NVIDIA Corporation,2021-09-03,2021-09-07,1,flat,up,0.23311774948497493,0.3667708226009024,0.40011142791412246,0.40011142791412246,0.033340605313220084,True,False
NVIDIA Corporation,2021-09-07,2021-09-08,1,down,flat,0.19427314955980643,0.40402333356317527,0.4017035168770182,0.4017035168770182,-0.00231981668615705,False,False
NVIDIA Corporation,2021-09-08,2021-09-09,1,flat,down,0.3981198519800574,0.31755612711352377,0.28432402090641884,0.3981198519800574,0.08056372486653363,True,False
NVIDIA Corporation,2021-09-09,2021-09-10,1,flat,up,0.2852053079336204,0.3269896247059949,0.38780506736038467,0.38780506736038467,0.06081544265438976,True,False
NVIDIA Corporation,2021-09-10,2021-09-13,1,flat,up,0.24334432079994278,0.31813962547258534,0.4385160537274717,0.4385160537274717,0.12037642825488637,True,False
NVIDIA Corporation,2021-09-13,2021-09-14,1,flat,up,0.2982055303850193,0.31624068234075653,0.3855537872742241,0.3855537872742241,0.0693131049334676,True,False
NVIDIA Corporation,2021-09-14,2021-09-15,1,flat,up,0.32109989368255787,0.2920531663326799,0.3868469399847621,0.3868469399847621,0.09479377365208219,True,False
NVIDIA Corporation,2021-09-15,2021-09-16,1,flat,up,0.25674113202136206,0.3187659542423066,0.42449291373633147,0.42449291373633147,0.10572695949402489,True,False
NVIDIA Corporation,2021-09-16,2021-09-17,1,flat,up,0.3008801756466746,0.3199906304656174,0.37912919388770805,0.37912919388770805,0.05913856342209067,True,False
NVIDIA Corporation,2021-09-17,2021-09-20,1,down,up,0.2788202203132184,0.2737316501767799,0.44744812951000157,0.44744812951000157,0.17371647933322165,True,False
NVIDIA Corporation,2021-09-20,2021-09-21,1,flat,down,0.41683794564999604,0.3582402405913522,0.22492181375865142,0.41683794564999604,0.05859770505864387,True,False
NVIDIA Corporation,2021-09-21,2021-09-22,1,up,up,0.18793313834367006,0.2788611208617745,0.5332057407945555,0.5332057407945555,0.254344619932781,True,True
NVIDIA Corporation,2021-09-22,2021-09-23,1,up,up,0.21563576243929417,0.2917482938263156,0.4926159437343901,0.4926159437343901,0.20086764990807449,True,True
NVIDIA Corporation,2021-09-23,2021-09-24,1,flat,up,0.16426341206269646,0.3391197474555796,0.4966168404817239,0.4966168404817239,0.15749709302614429,True,False
NVIDIA Corporation,2021-09-24,2021-09-27,1,down,down,0.361536049264193,0.3226986075719913,0.3157653431638157,0.361536049264193,0.03883744169220171,True,True
NVIDIA Corporation,2021-09-27,2021-09-28,1,down,down,0.41764539874061446,0.3116355198961212,0.2707190813632643,0.41764539874061446,0.10600987884449325,True,True
NVIDIA Corporation,2021-09-28,2021-09-29,1,flat,down,0.40967388767948965,0.33922033241046756,0.25110577991004257,0.40967388767948965,0.07045355526902208,True,False
NVIDIA Corporation,2021-09-29,2021-09-30,1,flat,up,0.2795006991209059,0.35196081781993155,0.36853848305916237,0.36853848305916237,0.01657766523923082,True,False
NVIDIA Corporation,2021-09-30,2021-10-01,1,flat,up,0.19251867787898289,0.3248073725310866,0.4826739495899304,0.4826739495899304,0.15786657705884377,True,False
NVIDIA Corporation,2021-10-01,2021-10-04,1,down,up,0.2769130292349825,0.3478814884226063,0.37520548234241113,0.37520548234241113,0.027323993919804834,True,False
NVIDIA Corporation,2021-10-04,2021-10-05,1,flat,down,0.3704277915718416,0.3561622482274047,0.27340996020075364,0.3704277915718416,0.01426554334443686,True,False
NVIDIA Corporation,2021-10-05,2021-10-06,1,flat,up,0.214742054276435,0.3813395516131319,0.40391839411043307,0.40391839411043307,0.022578842497301188,True,False
NVIDIA Corporation,2021-10-06,2021-10-07,1,up,flat,0.21750231846991439,0.41097692290070637,0.37152075862937917,0.37152075862937917,-0.0394561642713272,False,False
NVIDIA Corporation,2021-10-07,2021-10-08,1,flat,up,0.15906844102751486,0.4096363519402567,0.43129520703222834,0.43129520703222834,0.02165885509197163,True,False
NVIDIA Corporation,2021-10-08,2021-10-11,1,flat,flat,0.26779417136027905,0.4334130060283749,0.298792822611346,0.298792822611346,-0.13462018341702892,False,True
NVIDIA Corporation,2021-10-11,2021-10-12,1,flat,flat,0.3590281654158777,0.38687812195555915,0.254093712628563,0.3590281654158777,-0.027849956539681475,False,True
NVIDIA Corporation,2021-10-12,2021-10-13,1,flat,flat,0.23867744894503395,0.41376393540949064,0.3475586156454753,0.3475586156454753,-0.06620531976401534,False,True
NVIDIA Corporation,2021-10-13,2021-10-14,1,up,up,0.20878428989077324,0.38822948521542827,0.4029862248937983,0.4029862248937983,0.014756739678370046,True,True
NVIDIA Corporation,2021-10-14,2021-10-15,1,flat,up,0.16071047552862341,0.34862248756331937,0.49066703690805696,0.49066703690805696,0.1420445493447376,True,False
NVIDIA Corporation,2021-10-15,2021-10-18,1,flat,up,0.17149957911619332,0.38899234546303524,0.4395080754207712,0.4395080754207712,0.050515729957735955,True,False
NVIDIA Corporation,2021-10-18,2021-10-19,1,flat,flat,0.2297843388976532,0.4403306519512607,0.329885009151086,0.329885009151086,-0.11044564280017471,False,True
NVIDIA Corporation,2021-10-19,2021-10-20,1,flat,flat,0.1956231375194094,0.4623178666987635,0.3420589957818269,0.3420589957818269,-0.1202588709169366,False,True
NVIDIA Corporation,2021-10-20,2021-10-21,1,flat,flat,0.28162662315417286,0.3910788627470919,0.3272945140987351,0.3272945140987351,-0.0637843486483568,False,True
NVIDIA Corporation,2021-10-21,2021-10-22,1,up,up,0.20434774776500336,0.38521876475141503,0.4104334874835813,0.4104334874835813,0.025214722732166295,True,True
NVIDIA Corporation,2021-10-22,2021-10-25,1,flat,up,0.16481968862458185,0.3011079200769886,0.5340723912984293,0.5340723912984293,0.2329644712214407,True,False
NVIDIA Corporation,2021-10-25,2021-10-26,1,up,up,0.19231488116525258,0.3509142363051152,0.4567708825296321,0.4567708825296321,0.1058566462245169,True,True
NVIDIA Corporation,2021-10-26,2021-10-27,1,flat,up,0.16383493283732609,0.28400730919189626,0.5521577579707774,0.5521577579707774,0.2681504487788811,True,False
NVIDIA Corporation,2021-10-27,2021-10-28,1,flat,flat,0.28980832190074696,0.3870364142025647,0.32315526389668825,0.32315526389668825,-0.06388115030587643,False,True
NVIDIA Corporation,2021-10-28,2021-10-29,1,up,flat,0.25239618504215866,0.4227787543754754,0.32482506058236577,0.32482506058236577,-0.09795369379310964,False,False
NVIDIA Corporation,2021-10-29,2021-11-01,1,flat,up,0.2678422751319643,0.3429273778324749,0.38923034703556053,0.38923034703556053,0.04630296920308563,True,False
NVIDIA Corporation,2021-11-01,2021-11-02,1,up,flat,0.2676061749287344,0.3816739575852435,0.3507198674860219,0.3507198674860219,-0.030954090099221565,False,False
NVIDIA Corporation,2021-11-02,2021-11-03,1,flat,up,0.23134662090820163,0.3372715181716108,0.4313818609201874,0.4313818609201874,0.0941103427485766,True,False
NVIDIA Corporation,2021-11-03,2021-11-04,1,up,up,0.2003999118151219,0.3954815917154052,0.40411849646947273,0.40411849646947273,0.008636904754067531,True,True
NVIDIA Corporation,2021-11-04,2021-11-05,1,up,up,0.17668845722336018,0.21524685596530663,0.6080646868113331,0.6080646868113331,0.39281783084602645,True,True
NVIDIA Corporation,2021-11-05,2021-11-08,1,flat,up,0.22069792384605857,0.3860040030818286,0.39329807307211273,0.39329807307211273,0.007294069990284147,True,False
NVIDIA Corporation,2021-11-08,2021-11-09,1,up,flat,0.2834653471528376,0.4562891056151027,0.2602455472320596,0.2834653471528376,-0.1728237584622651,False,False
NVIDIA Corporation,2021-11-09,2021-11-10,1,down,flat,0.3176708605853894,0.4002223106872939,0.28210682872731635,0.3176708605853894,-0.08255145010190451,False,False
NVIDIA Corporation,2021-11-10,2021-11-11,1,flat,down,0.519487293056666,0.3485312583011353,0.13198144864219852,0.519487293056666,0.17095603475553067,True,False
NVIDIA Corporation,2021-11-11,2021-11-12,1,flat,flat,0.1489960592052138,0.5212223311801907,0.3297816096145954,0.3297816096145954,-0.19144072156559527,False,True
NVIDIA Corporation,2021-11-12,2021-11-15,1,flat,flat,0.2210564730402706,0.441875509380506,0.3370680175792232,0.3370680175792232,-0.10480749180128279,False,True
NVIDIA Corporation,2021-11-15,2021-11-16,1,flat,flat,0.25997949374572343,0.44899106777407005,0.29102943848020646,0.29102943848020646,-0.1579616292938636,False,True
NVIDIA Corporation,2021-11-16,2021-11-17,1,flat,flat,0.19369746254696163,0.5077790232938458,0.2985235141591925,0.2985235141591925,-0.20925550913465335,False,True
NVIDIA Corporation,2021-11-17,2021-11-18,1,up,flat,0.28723265011080823,0.4999088212336819,0.2128585286555097,0.28723265011080823,-0.21267617112287368,False,False
NVIDIA Corporation,2021-11-18,2021-11-19,1,flat,flat,0.1472453880574699,0.5660998890221071,0.2866547229204227,0.2866547229204227,-0.27944516610168435,False,True
NVIDIA Corporation,2021-11-19,2021-11-22,1,flat,flat,0.13147143295783265,0.7024179929089849,0.16611057413318228,0.16611057413318228,-0.5363074187758026,False,True
NVIDIA Corporation,2021-11-22,2021-11-23,1,down,flat,0.19997646371313976,0.6359461892611021,0.16407734702575766,0.19997646371313976,-0.4359697255479624,False,False
NVIDIA Corporation,2021-11-23,2021-11-24,1,flat,flat,0.2916041866026221,0.5658615466145287,0.1425342667828491,0.2916041866026221,-0.2742573600119066,False,True
NVIDIA Corporation,2021-11-24,2021-11-26,1,flat,flat,0.16424898116029055,0.6068147225820026,0.22893629625770667,0.22893629625770667,-0.37787842632429597,False,True
NVIDIA Corporation,2021-11-26,2021-11-29,1,flat,flat,0.1369617146199375,0.6007763988806326,0.2622618864994299,0.2622618864994299,-0.3385145123812027,False,True
NVIDIA Corporation,2021-11-29,2021-11-30,1,flat,flat,0.14032983824256642,0.49064921721612564,0.36902094454130774,0.36902094454130774,-0.1216282726748179,False,True
NVIDIA Corporation,2021-11-30,2021-12-01,1,flat,flat,0.2223681549664701,0.5116537254169085,0.2659781196166212,0.2659781196166212,-0.24567560580028724,False,True
NVIDIA Corporation,2021-12-01,2021-12-02,1,flat,flat,0.2770964119571764,0.5134618920963512,0.20944169594647233,0.2770964119571764,-0.2363654801391748,False,True
NVIDIA Corporation,2021-12-02,2021-12-03,1,flat,flat,0.26941213852105417,0.564276078361508,0.16631178311743774,0.26941213852105417,-0.2948639398404538,False,True
NVIDIA Corporation,2021-12-03,2021-12-06,1,down,flat,0.26935654589958175,0.5307959490129583,0.19984750508745977,0.26935654589958175,-0.2614394031133766,False,False
NVIDIA Corporation,2021-12-06,2021-12-07,1,up,flat,0.28560998066633714,0.5639563679864882,0.15043365134717446,0.28560998066633714,-0.27834638732015105,False,False
NVIDIA Corporation,2021-12-07,2021-12-08,1,flat,flat,0.11607679922490279,0.5190791983382788,0.36484400243681825,0.36484400243681825,-0.1542351959014605,False,True
NVIDIA Corporation,2021-12-08,2021-12-09,1,flat,flat,0.1442853766515337,0.6613496475171641,0.1943649758313021,0.1943649758313021,-0.466984671685862,False,True
NVIDIA Corporation,2021-12-09,2021-12-10,1,flat,flat,0.27141824996023783,0.5782480813806055,0.15033366865915662,0.27141824996023783,-0.3068298314203676,False,True
NVIDIA Corporation,2021-12-10,2021-12-13,1,down,flat,0.2647980888212751,0.5891962286244694,0.14600568255425544,0.2647980888212751,-0.3243981398031943,False,False
NVIDIA Corporation,2021-12-13,2021-12-14,1,down,flat,0.33577348826819176,0.5431771704127757,0.12104934131903214,0.33577348826819176,-0.20740368214458393,False,False
NVIDIA Corporation,2021-12-14,2021-12-15,1,up,flat,0.23184687326759312,0.6371246802040537,0.13102844652835288,0.23184687326759312,-0.40527780693646054,False,False
NVIDIA Corporation,2021-12-15,2021-12-16,1,flat,flat,0.09836978138960475,0.47696262417558666,0.4246675944348085,0.4246675944348085,-0.052295029740778154,False,True
NVIDIA Corporation,2021-12-16,2021-12-17,1,down,flat,0.13104322687862324,0.6569246856153269,0.21203208750604985,0.21203208750604985,-0.44489259810927706,False,False
NVIDIA Corporation,2021-12-17,2021-12-20,1,flat,flat,0.24328022598181734,0.644565855208511,0.11215391880967156,0.24328022598181734,-0.40128562922669364,False,True
NVIDIA Corporation,2021-12-20,2021-12-21,1,flat,flat,0.18467944878055026,0.6557534013490808,0.15956714987036888,0.18467944878055026,-0.4710739525685305,False,True
NVIDIA Corporation,2021-12-21,2021-12-22,1,flat,flat,0.12887718337197893,0.6906436749744576,0.18047914165356344,0.18047914165356344,-0.5101645333208942,False,True
NVIDIA Corporation,2021-12-22,2021-12-23,1,flat,flat,0.11939987281020073,0.7230256087037661,0.1575745184860331,0.1575745184860331,-0.565451090217733,False,True
NVIDIA Corporation,2021-12-23,2021-12-27,1,flat,flat,0.12146952767860557,0.6661058163647393,0.21242465595665494,0.21242465595665494,-0.45368116040808437,False,True
NVIDIA Corporation,2021-12-27,2021-12-28,1,flat,flat,0.15057162806072633,0.6872974078551634,0.16213096408411004,0.16213096408411004,-0.5251664437710533,False,True
NVIDIA Corporation,2021-12-28,2021-12-29,1,flat,flat,0.1781528509169381,0.7049238875622412,0.11692326152082022,0.1781528509169381,-0.5267710366453031,False,True
NVIDIA Corporation,2021-12-29,2021-12-30,1,flat,flat,0.276629976227906,0.5602728344062726,0.1630971893658213,0.276629976227906,-0.2836428581783666,False,True
NVIDIA Corporation,2021-12-30,2021-12-31,1,flat,flat,0.2086650851954407,0.4916850775954368,0.2996498372091224,0.2996498372091224,-0.19203524038631437,False,True
NVIDIA Corporation,2021-12-31,2022-01-03,1,flat,flat,0.213069685123928,0.48379815492066613,0.30313215995540577,0.30313215995540577,-0.18066599496526037,False,True
NVIDIA Corporation,2022-01-03,2022-01-04,1,flat,flat,0.15883831758989225,0.46900991515041773,0.3721517672596899,0.3721517672596899,-0.09685814789072783,False,True
NVIDIA Corporation,2022-01-04,2022-01-05,1,down,flat,0.3016421937289005,0.4390791477409411,0.2592786585301581,0.3016421937289005,-0.1374369540120406,False,False
NVIDIA Corporation,2022-01-05,2022-01-06,1,flat,flat,0.3350570280293347,0.4625595279600111,0.20238344401065414,0.3350570280293347,-0.12750249993067642,False,True
NVIDIA Corporation,2022-01-06,2022-01-07,1,flat,flat,0.26931877708095325,0.48228221964687634,0.2483990032721704,0.26931877708095325,-0.2129634425659231,False,True
NVIDIA Corporation,2022-01-07,2022-01-10,1,down,flat,0.19749867271589613,0.4865862409127312,0.31591508637137233,0.31591508637137233,-0.1706711545413589,False,False
NVIDIA Corporation,2022-01-10,2022-01-11,1,flat,flat,0.3054390776948497,0.49120915980505075,0.20335176250009934,0.3054390776948497,-0.18577008211020107,False,True
NVIDIA Corporation,2022-01-11,2022-01-12,1,flat,flat,0.12451878515526486,0.4576024892722037,0.41787872557253125,0.41787872557253125,-0.039723763699672454,False,True
NVIDIA Corporation,2022-01-12,2022-01-13,1,flat,flat,0.1777293203345109,0.5485440643863381,0.27372661527915093,0.27372661527915093,-0.27481744910718714,False,True
NVIDIA Corporation,2022-01-13,2022-01-14,1,down,flat,0.30902520438662706,0.5155942435930648,0.17538055202030783,0.30902520438662706,-0.20656903920643777,False,False
NVIDIA Corporation,2022-01-14,2022-01-18,1,flat,flat,0.29848701589244,0.5202330592479523,0.18127992485960764,0.29848701589244,-0.2217460433555123,False,True
NVIDIA Corporation,2022-01-18,2022-01-19,1,flat,flat,0.3168419730589185,0.5087201784661557,0.17443784847492572,0.3168419730589185,-0.1918782054072372,False,True
NVIDIA Corporation,2022-01-19,2022-01-20,1,down,flat,0.26339500905873214,0.5696214354960768,0.16698355544519078,0.26339500905873214,-0.30622642643734466,False,False
NVIDIA Corporation,2022-01-20,2022-01-21,1,down,flat,0.22231122539408993,0.5872167314765221,0.19047204312938787,0.22231122539408993,-0.36490550608243216,False,False
NVIDIA Corporation,2022-01-21,2022-01-24,1,down,flat,0.3121885672558262,0.5153297524678511,0.17248168027632216,0.3121885672558262,-0.20314118521202484,False,False
NVIDIA Corporation,2022-01-24,2022-01-25,1,flat,flat,0.31768740307118226,0.5665068590070526,0.11580573792176492,0.31768740307118226,-0.2488194559358703,False,True
NVIDIA Corporation,2022-01-25,2022-01-26,1,flat,flat,0.16755088671339216,0.6488923084067888,0.18355680487981882,0.18355680487981882,-0.46533550352696995,False,True
NVIDIA Corporation,2022-01-26,2022-01-27,1,flat,flat,0.13570336492669727,0.6270772280864686,0.23721940698683383,0.23721940698683383,-0.38985782109963474,False,True
NVIDIA Corporation,2022-01-27,2022-01-28,1,flat,flat,0.2169357150141982,0.6536440604527269,0.12942022453307467,0.2169357150141982,-0.43670834543852877,False,True
NVIDIA Corporation,2022-01-28,2022-01-31,1,up,flat,0.24164987059960458,0.6570083573721757,0.10134177202821967,0.24164987059960458,-0.4153584867725711,False,False
NVIDIA Corporation,2022-01-31,2022-02-01,1,flat,flat,0.11490849363231147,0.7126667745844592,0.17242473178322915,0.17242473178322915,-0.54024204280123,False,True
NVIDIA Corporation,2022-02-01,2022-02-02,1,flat,flat,0.11249312563734457,0.7773072014285525,0.110199672934103,0.11249312563734457,-0.6648140757912079,False,True
NVIDIA Corporation,2022-02-02,2022-02-03,1,down,flat,0.113395189465368,0.7452855526653293,0.1413192578693023,0.1413192578693023,-0.6039662947960269,False,False
NVIDIA Corporation,2022-02-03,2022-02-04,1,flat,flat,0.32139266523126786,0.5539570092081842,0.12465032556054761,0.32139266523126786,-0.2325643439769164,False,True
NVIDIA Corporation,2022-02-04,2022-02-07,1,flat,flat,0.22873489262004293,0.6049056639175856,0.16635944346237141,0.22873489262004293,-0.37617077129754267,False,True
NVIDIA Corporation,2022-02-07,2022-02-08,1,flat,flat,0.12638715689166868,0.6791251743909998,0.19448766871733136,0.19448766871733136,-0.4846375056736685,False,True
NVIDIA Corporation,2022-02-08,2022-02-09,1,up,flat,0.18173494986386032,0.5954938775821138,0.22277117255402584,0.22277117255402584,-0.37272270502808796,False,False
NVIDIA Corporation,2022-02-09,2022-02-10,1,flat,flat,0.11032756384665886,0.5845691866455865,0.3051032495077543,0.3051032495077543,-0.27946593713783224,False,True
NVIDIA Corporation,2022-02-10,2022-02-11,1,down,flat,0.1995245906885722,0.6351244811543861,0.16535092815704158,0.1995245906885722,-0.43559989046581393,False,False
NVIDIA Corporation,2022-02-11,2022-02-14,1,flat,flat,0.37779190116378947,0.5010258808703499,0.1211822179658604,0.37779190116378947,-0.12323397970656047,False,True
NVIDIA Corporation,2022-02-14,2022-02-15,1,up,flat,0.2662029275879879,0.57006491166813,0.1637321607438821,0.2662029275879879,-0.3038619840801421,False,False
NVIDIA Corporation,2022-02-15,2022-02-16,1,flat,flat,0.1310286426001916,0.4747489388132885,0.39422241858651974,0.39422241858651974,-0.08052652022676876,False,True
NVIDIA Corporation,2022-02-16,2022-02-17,1,down,flat,0.14785718671801484,0.5517046521436797,0.3004381611383052,0.3004381611383052,-0.2512664910053745,False,False
NVIDIA Corporation,2022-02-17,2022-02-18,1,down,flat,0.32013712627988467,0.45894408666147146,0.22091878705864376,0.32013712627988467,-0.1388069603815868,False,False
NVIDIA Corporation,2022-02-18,2022-02-22,1,flat,flat,0.34058878354171057,0.5219658603849265,0.1374453560733626,0.34058878354171057,-0.18137707684321597,False,True
NVIDIA Corporation,2022-02-22,2022-02-23,1,flat,flat,0.2793912535897456,0.5789833307777807,0.14162541563247366,0.2793912535897456,-0.29959207718803516,False,True
NVIDIA Corporation,2022-02-23,2022-02-24,1,down,flat,0.1765298730353138,0.6304551049860733,0.1930150219786127,0.1930150219786127,-0.43744008300746057,False,False
NVIDIA Corporation,2022-02-24,2022-02-25,1,up,flat,0.20082445752103537,0.6169921925968193,0.18218334988214502,0.20082445752103537,-0.41616773507578386,False,False
NVIDIA Corporation,2022-02-25,2022-02-28,1,flat,flat,0.11514919488562157,0.5921210922909199,0.29272971282345855,0.29272971282345855,-0.29939137946746136,False,True
NVIDIA Corporation,2022-02-28,2022-03-01,1,flat,flat,0.13908617455974115,0.719010916652717,0.14190290878754175,0.14190290878754175,-0.5771080078651752,False,True
NVIDIA Corporation,2022-03-01,2022-03-02,1,flat,flat,0.22359815895146928,0.6527561691920698,0.12364567185646078,0.22359815895146928,-0.4291580102406005,False,True
NVIDIA Corporation,2022-03-02,2022-03-03,1,flat,flat,0.16032963697214644,0.6769296562405034,0.16274070678734998,0.16274070678734998,-0.5141889494531534,False,True
NVIDIA Corporation,2022-03-03,2022-03-04,1,down,flat,0.17352015044408647,0.6362471302823999,0.1902327192735136,0.1902327192735136,-0.4460144110088863,False,False
NVIDIA Corporation,2022-03-04,2022-03-07,1,down,flat,0.29161528534400605,0.5857244194866646,0.12266029516932916,0.29161528534400605,-0.2941091341426586,False,False
NVIDIA Corporation,2022-03-07,2022-03-08,1,flat,flat,0.2384635232804731,0.5954265969670267,0.1661098797524999,0.2384635232804731,-0.3569630736865536,False,True
NVIDIA Corporation,2022-03-08,2022-03-09,1,up,flat,0.2563636278111735,0.5843654003204581,0.15927097186836814,0.2563636278111735,-0.32800177250928464,False,False
NVIDIA Corporation,2022-03-09,2022-03-10,1,flat,flat,0.11264769472389322,0.6265900465000882,0.26076225877601844,0.26076225877601844,-0.36582778772406976,False,True
NVIDIA Corporation,2022-03-10,2022-03-11,1,flat,flat,0.22954554344376932,0.6133302943132675,0.15712416224296305,0.22954554344376932,-0.38378475086949815,False,True
NVIDIA Corporation,2022-03-11,2022-03-14,1,down,flat,0.18058382903896447,0.6301744798279144,0.189241691133121,0.189241691133121,-0.4409327886947934,False,False
NVIDIA Corporation,2022-03-14,2022-03-15,1,flat,flat,0.31980786454404264,0.5763033033643927,0.1038888320915644,0.31980786454404264,-0.2564954388203501,False,True
NVIDIA Corporation,2022-03-15,2022-03-16,1,up,flat,0.14431721515973742,0.6443087664144087,0.21137401842585352,0.21137401842585352,-0.4329347479885552,False,False
NVIDIA Corporation,2022-03-16,2022-03-17,1,flat,flat,0.11551186389846813,0.5240811219114123,0.36040701419011933,0.36040701419011933,-0.16367410772129298,False,True
NVIDIA Corporation,2022-03-17,2022-03-18,1,up,flat,0.12149407268257902,0.6383635845424109,0.24014234277500998,0.24014234277500998,-0.3982212417674009,False,False
NVIDIA Corporation,2022-03-18,2022-03-21,1,up,flat,0.16255496348467205,0.5590682040512021,0.27837683246412553,0.27837683246412553,-0.2806913715870765,False,False
NVIDIA Corporation,2022-03-21,2022-03-22,1,flat,flat,0.16930751774868108,0.6264774052030454,0.2042150770482734,0.2042150770482734,-0.422262328154772,False,True
NVIDIA Corporation,2022-03-22,2022-03-23,1,flat,flat,0.25343393414196935,0.5865802969365004,0.15998576892153013,0.25343393414196935,-0.333146362794531,False,True
NVIDIA Corporation,2022-03-23,2022-03-24,1,up,flat,0.34223753175844107,0.4663915602225774,0.19137090801898143,0.34223753175844107,-0.12415402846413631,False,False
NVIDIA Corporation,2022-03-24,2022-03-25,1,flat,up,0.16678543662486472,0.4010180120198361,0.43219655135529883,0.43219655135529883,0.03117853933546272,True,False
NVIDIA Corporation,2022-03-25,2022-03-28,1,flat,flat,0.16472175193197108,0.5586204965094117,0.27665775155861727,0.27665775155861727,-0.28196274495079443,False,True
NVIDIA Corporation,2022-03-28,2022-03-29,1,flat,flat,0.17074433875014472,0.5722528917847456,0.2570027694651095,0.2570027694651095,-0.31525012231963606,False,True
NVIDIA Corporation,2022-03-29,2022-03-30,1,flat,flat,0.1827122007335138,0.511513060102163,0.3057747391643229,0.3057747391643229,-0.2057383209378401,False,True
NVIDIA Corporation,2022-03-30,2022-03-31,1,flat,flat,0.3952529359326572,0.45083391302984294,0.15391315103749986,0.3952529359326572,-0.055580977097185735,False,True
NVIDIA Corporation,2022-03-31,2022-04-01,1,down,flat,0.3381030500832033,0.4602482954957354,0.20164865442106122,0.3381030500832033,-0.12214524541253213,False,False
NVIDIA Corporation,2022-04-01,2022-04-04,1,flat,flat,0.31757331268141187,0.43822605243278834,0.24420063488579974,0.31757331268141187,-0.12065273975137647,False,True
NVIDIA Corporation,2022-04-04,2022-04-05,1,flat,flat,0.1981578867216549,0.42308174391124986,0.37876036936709523,0.37876036936709523,-0.044321374544154635,False,True
NVIDIA Corporation,2022-04-05,2022-04-06,1,down,flat,0.2900839097972246,0.4864905388978525,0.22342555130492278,0.2900839097972246,-0.1964066291006279,False,False
NVIDIA Corporation,2022-04-06,2022-04-07,1,flat,flat,0.42302382151467877,0.442709407288249,0.13426677119707184,0.42302382151467877,-0.019685585773570213,False,True
NVIDIA Corporation,2022-04-07,2022-04-08,1,down,flat,0.2557442003781675,0.5156508995192558,0.2286049001025766,0.2557442003781675,-0.2599066991410883,False,False
NVIDIA Corporation,2022-04-08,2022-04-11,1,down,flat,0.24996788807867037,0.5707029723521988,0.1793291395691306,0.24996788807867037,-0.3207350842735284,False,False
NVIDIA Corporation,2022-04-11,2022-04-12,1,flat,flat,0.31823684376442624,0.5567386623214025,0.12502449391417111,0.31823684376442624,-0.23850181855697622,False,True
NVIDIA Corporation,2022-04-12,2022-04-13,1,flat,flat,0.15873285836924883,0.5850654370271491,0.2562017046036019,0.2562017046036019,-0.32886373242354716,False,True
NVIDIA Corporation,2022-04-13,2022-04-14,1,flat,flat,0.19121622272464311,0.5830743683099012,0.22570940896545555,0.22570940896545555,-0.3573649593444457,False,True
NVIDIA Corporation,2022-04-14,2022-04-18,1,flat,flat,0.19462911873153294,0.6551310900966769,0.1502397911717901,0.19462911873153294,-0.460501971365144,False,True
NVIDIA Corporation,2022-04-18,2022-04-19,1,flat,flat,0.22868638611234204,0.6299715379524744,0.14134207593518336,0.22868638611234204,-0.40128515184013236,False,True
NVIDIA Corporation,2022-04-19,2022-04-20,1,flat,flat,0.16776831117336077,0.6428130828970171,0.18941860592962184,0.18941860592962184,-0.45339447696739527,False,True
NVIDIA Corporation,2022-04-20,2022-04-21,1,down,flat,0.1820855544257131,0.6662123320432918,0.15170211353099494,0.1820855544257131,-0.4841267776175787,False,False
NVIDIA Corporation,2022-04-21,2022-04-22,1,down,flat,0.3182661176798668,0.5834925754682916,0.09824130685184143,0.3182661176798668,-0.2652264577884248,False,False
NVIDIA Corporation,2022-04-22,2022-04-25,1,flat,flat,0.3069812057092802,0.5934140556906865,0.09960473860003309,0.3069812057092802,-0.2864328499814063,False,True
NVIDIA Corporation,2022-04-25,2022-04-26,1,flat,flat,0.21327733564793833,0.6751641854060755,0.11155847894598601,0.21327733564793833,-0.46188684975813715,False,True
NVIDIA Corporation,2022-04-26,2022-04-27,1,flat,flat,0.16796275247140757,0.7141771268112667,0.11786012071732561,0.16796275247140757,-0.5462143743398591,False,True
NVIDIA Corporation,2022-04-27,2022-04-28,1,flat,flat,0.19128052991754269,0.6641859624236917,0.14453350765876558,0.19128052991754269,-0.47290543250614897,False,True
NVIDIA Corporation,2022-04-28,2022-04-29,1,flat,flat,0.12060453973321673,0.6414663608302346,0.23792909943654855,0.23792909943654855,-0.403537261393686,False,True
NVIDIA Corporation,2022-04-29,2022-05-02,1,flat,flat,0.21009160980147673,0.6500354350003232,0.13987295519819976,0.21009160980147673,-0.4399438251988465,False,True
NVIDIA Corporation,2022-05-02,2022-05-03,1,flat,flat,0.2228356623219151,0.6578968188490901,0.11926751882899453,0.2228356623219151,-0.43506115652717503,False,True
NVIDIA Corporation,2022-05-03,2022-05-04,1,flat,flat,0.11468433778439345,0.6745654213315806,0.210750240884026,0.210750240884026,-0.4638151804475546,False,True
NVIDIA Corporation,2022-05-04,2022-05-05,1,flat,flat,0.13359644455968422,0.6666432537470877,0.19976030169322795,0.19976030169322795,-0.4668829520538597,False,True
NVIDIA Corporation,2022-05-05,2022-05-06,1,flat,flat,0.24858855622675013,0.5938382096000505,0.15757323417319924,0.24858855622675013,-0.3452496533733004,False,True
NVIDIA Corporation,2022-05-06,2022-05-09,1,down,flat,0.2432226168854903,0.6129008529463702,0.14387653016813937,0.2432226168854903,-0.3696782360608799,False,False
NVIDIA Corporation,2022-05-09,2022-05-10,1,flat,flat,0.3089441879778302,0.5926982823237736,0.09835752969839612,0.3089441879778302,-0.28375409434594345,False,True
NVIDIA Corporation,2022-05-10,2022-05-11,1,flat,flat,0.11793208054599191,0.6495047784185768,0.23256314103543116,0.23256314103543116,-0.4169416373831456,False,True
NVIDIA Corporation,2022-05-11,2022-05-12,1,down,flat,0.16756657431419741,0.6803770622873017,0.15205636339850082,0.16756657431419741,-0.5128104879731042,False,False
NVIDIA Corporation,2022-05-12,2022-05-13,1,up,flat,0.22197044178829106,0.660718642459784,0.11731091575192505,0.22197044178829106,-0.4387482006714929,False,False
NVIDIA Corporation,2022-05-13,2022-05-16,1,flat,flat,0.07272305659912197,0.6752078411168777,0.2520691022840002,0.2520691022840002,-0.4231387388328775,False,True
NVIDIA Corporation,2022-05-16,2022-05-17,1,flat,flat,0.11313475118194155,0.7226670798841547,0.16419816893390368,0.16419816893390368,-0.558468910950251,False,True
NVIDIA Corporation,2022-05-17,2022-05-18,1,flat,flat,0.08641543869802436,0.7424643072015131,0.17112025410046242,0.17112025410046242,-0.5713440531010507,False,True
NVIDIA Corporation,2022-05-18,2022-05-19,1,flat,flat,0.23896411286361646,0.6055936929868064,0.1554421941495771,0.23896411286361646,-0.36662958012318997,False,True
NVIDIA Corporation,2022-05-19,2022-05-20,1,flat,flat,0.2528970274821456,0.597903161383063,0.1491998111347911,0.2528970274821456,-0.3450061339009174,False,True
NVIDIA Corporation,2022-05-20,2022-05-23,1,flat,flat,0.21549555306495938,0.6510096885262591,0.13349475840878147,0.21549555306495938,-0.4355141354612997,False,True
NVIDIA Corporation,2022-05-23,2022-05-24,1,flat,flat,0.16036364890215915,0.6549975713502385,0.1846387797476022,0.1846387797476022,-0.4703587916026363,False,True
NVIDIA Corporation,2022-05-24,2022-05-25,1,flat,flat,0.16581957351932272,0.6628360658190918,0.17134436066158545,0.17134436066158545,-0.4914917051575064,False,True
NVIDIA Corporation,2022-05-25,2022-05-26,1,flat,flat,0.12693557261125754,0.6077292927711297,0.26533513461761254,0.26533513461761254,-0.3423941581535172,False,True
NVIDIA Corporation,2022-05-26,2022-05-27,1,up,flat,0.11963611886809397,0.6052865827126356,0.2750772984192703,0.2750772984192703,-0.33020928429336527,False,False
NVIDIA Corporation,2022-05-27,2022-05-31,1,flat,flat,0.08096969951309255,0.6714876486513224,0.2475426518355849,0.2475426518355849,-0.4239449968157375,False,True
NVIDIA Corporation,2022-05-31,2022-06-01,1,flat,flat,0.12362892730582192,0.7336821640834739,0.142688908610704,0.142688908610704,-0.5909932554727699,False,True
NVIDIA Corporation,2022-06-01,2022-06-02,1,flat,flat,0.2619863207296156,0.5774105707660606,0.16060310850432374,0.2619863207296156,-0.31542425003644503,False,True
NVIDIA Corporation,2022-06-02,2022-06-03,1,flat,flat,0.17103794152100302,0.6098459653323491,0.21911609314664768,0.21911609314664768,-0.39072987218570143,False,True
NVIDIA Corporation,2022-06-03,2022-06-06,1,flat,flat,0.201011972589903,0.5750585222111437,0.22392950519895333,0.22392950519895333,-0.3511290170121904,False,True
NVIDIA Corporation,2022-06-06,2022-06-07,1,flat,flat,0.13320846882124662,0.5873020981571978,0.27948943302155554,0.27948943302155554,-0.30781266513564226,False,True
NVIDIA Corporation,2022-06-07,2022-06-08,1,flat,flat,0.20882773231630147,0.5166563931263536,0.27451587455734483,0.27451587455734483,-0.24214051856900876,False,True
NVIDIA Corporation,2022-06-08,2022-06-09,1,flat,flat,0.1418306148528578,0.570847247797372,0.2873221373497702,0.2873221373497702,-0.28352511044760176,False,True
NVIDIA Corporation,2022-06-09,2022-06-10,1,down,flat,0.26403120911921396,0.5378311537533459,0.19813763712743993,0.26403120911921396,-0.27379994463413193,False,False
NVIDIA Corporation,2022-06-10,2022-06-13,1,down,flat,0.3209648872450138,0.518214771271651,0.16082034148333502,0.3209648872450138,-0.19724988402663723,False,False
NVIDIA Corporation,2022-06-13,2022-06-14,1,flat,flat,0.38876657041884144,0.4782658923338552,0.13296753724730326,0.38876657041884144,-0.08949932191501375,False,True
NVIDIA Corporation,2022-06-14,2022-06-15,1,flat,flat,0.1760995047681344,0.5561144593881804,0.2677860358436852,0.2677860358436852,-0.28832842354449517,False,True
NVIDIA Corporation,2022-06-15,2022-06-16,1,down,flat,0.10273526155376478,0.5939768208536301,0.30328791759260487,0.30328791759260487,-0.29068890326102526,False,False
NVIDIA Corporation,2022-06-16,2022-06-17,1,flat,flat,0.2404554715938136,0.5880987381119371,0.17144579029424922,0.2404554715938136,-0.3476432665181235,False,True
NVIDIA Corporation,2022-06-17,2022-06-21,1,up,flat,0.1703545477156181,0.6131439233663147,0.2165015289180671,0.2165015289180671,-0.39664239444824767,False,False
NVIDIA Corporation,2022-06-21,2022-06-22,1,flat,flat,0.1156226418571194,0.6542028433184215,0.230174514824459,0.230174514824459,-0.4240283284939625,False,True
NVIDIA Corporation,2022-06-22,2022-06-23,1,flat,flat,0.26953125886976276,0.5797588012300772,0.15070993990016004,0.26953125886976276,-0.3102275423603144,False,True
NVIDIA Corporation,2022-06-23,2022-06-24,1,flat,flat,0.19987151551013999,0.5889613256229034,0.2111671588669565,0.2111671588669565,-0.3777941667559469,False,True
NVIDIA Corporation,2022-06-24,2022-06-27,1,flat,flat,0.13363519362921444,0.5677831888617229,0.2985816175090627,0.2985816175090627,-0.26920157135266015,False,True
NVIDIA Corporation,2022-06-27,2022-06-28,1,down,flat,0.16982094007065354,0.62931750125838,0.20086155867096622,0.20086155867096622,-0.4284559425874138,False,False
NVIDIA Corporation,2022-06-28,2022-06-29,1,down,flat,0.28358126827690466,0.5277532941298344,0.188665437593261,0.28358126827690466,-0.24417202585292974,False,False
NVIDIA Corporation,2022-06-29,2022-06-30,1,flat,flat,0.35956125631933034,0.49350091690796033,0.14693782677270903,0.35956125631933034,-0.13393966058863,False,True
NVIDIA Corporation,2022-06-30,2022-07-01,1,down,flat,0.29237702733329624,0.5178386688367631,0.18978430382994044,0.29237702733329624,-0.22546164150346687,False,False
NVIDIA Corporation,2022-07-01,2022-07-05,1,flat,flat,0.23768428589030594,0.5723622365275266,0.1899534775821673,0.23768428589030594,-0.33467795063722067,False,True
NVIDIA Corporation,2022-07-05,2022-07-06,1,up,flat,0.184615763192078,0.5672751670891212,0.2481090697188008,0.2481090697188008,-0.31916609737032037,False,False
NVIDIA Corporation,2022-07-06,2022-07-07,1,up,flat,0.1103392659006651,0.5899649047793377,0.299695829319997,0.299695829319997,-0.2902690754593407,False,False
NVIDIA Corporation,2022-07-07,2022-07-08,1,flat,flat,0.13033491545591652,0.6267097859324415,0.24295529861164183,0.24295529861164183,-0.3837544873207997,False,True
NVIDIA Corporation,2022-07-08,2022-07-11,1,flat,flat,0.21069207987734567,0.61799047707671,0.17131744304594412,0.21069207987734567,-0.4072983971993643,False,True
NVIDIA Corporation,2022-07-11,2022-07-12,1,flat,flat,0.322812432203223,0.518661389129548,0.1585261786672289,0.322812432203223,-0.19584895692632498,False,True
NVIDIA Corporation,2022-07-12,2022-07-13,1,flat,flat,0.2875988050510373,0.5346365431147914,0.17776465183417112,0.2875988050510373,-0.24703773806375406,False,True
NVIDIA Corporation,2022-07-13,2022-07-14,1,flat,flat,0.2987331541318469,0.5341515620324858,0.167115283835667,0.2987331541318469,-0.2354184079006389,False,True
NVIDIA Corporation,2022-07-14,2022-07-15,1,up,flat,0.16001300361340487,0.5441698813907847,0.29581711499581037,0.29581711499581037,-0.24835276639497433,False,False
NVIDIA Corporation,2022-07-15,2022-07-18,1,up,flat,0.14703027800433088,0.5394023029748939,0.3135674190207751,0.3135674190207751,-0.22583488395411877,False,False
NVIDIA Corporation,2022-07-18,2022-07-19,1,flat,flat,0.13394215463930154,0.4546909255804902,0.41136691978020806,0.41136691978020806,-0.04332400580028212,False,True
NVIDIA Corporation,2022-07-19,2022-07-20,1,up,flat,0.1739359537060584,0.5432778488740357,0.28278619741990546,0.28278619741990546,-0.2604916514541303,False,False
NVIDIA Corporation,2022-07-20,2022-07-21,1,up,flat,0.16188643484991272,0.5098618295231095,0.3282517356269774,0.3282517356269774,-0.18161009389613214,False,False
NVIDIA Corporation,2022-07-21,2022-07-22,1,flat,flat,0.17381092839135526,0.5681962913715074,0.2579927802371373,0.2579927802371373,-0.3102035111343701,False,True
NVIDIA Corporation,2022-07-22,2022-07-25,1,down,flat,0.3653048636039692,0.43926452448620174,0.1954306119098289,0.3653048636039692,-0.07395966088223255,False,False
NVIDIA Corporation,2022-07-25,2022-07-26,1,flat,flat,0.37171253864507714,0.4241742690946865,0.20411319226023622,0.37171253864507714,-0.052461730449609334,False,True
NVIDIA Corporation,2022-07-26,2022-07-27,1,up,flat,0.2628482011825348,0.45595212530160395,0.2811996735158613,0.2811996735158613,-0.17475245178574267,False,False
NVIDIA Corporation,2022-07-27,2022-07-28,1,flat,flat,0.1357643705231231,0.4424660336474716,0.42176959582940526,0.42176959582940526,-0.02069643781806635,False,True
NVIDIA Corporation,2022-07-28,2022-07-29,1,flat,flat,0.11957556743034908,0.511946097755657,0.3684783348139938,0.3684783348139938,-0.14346776294166325,False,True
NVIDIA Corporation,2022-07-29,2022-08-01,1,flat,flat,0.17409250963608425,0.5531793780643688,0.27272811229954697,0.27272811229954697,-0.2804512657648218,False,True
NVIDIA Corporation,2022-08-01,2022-08-02,1,flat,flat,0.1687048581571114,0.536993410184748,0.29430173165814044,0.29430173165814044,-0.24269167852660756,False,True
NVIDIA Corporation,2022-08-02,2022-08-03,1,flat,flat,0.24546095383743788,0.50637669594199,0.24816235022057218,0.24816235022057218,-0.25821434572141777,False,True
NVIDIA Corporation,2022-08-03,2022-08-04,1,flat,flat,0.18474580905624965,0.5474012784660258,0.26785291247772447,0.26785291247772447,-0.27954836598830135,False,True
NVIDIA Corporation,2022-08-04,2022-08-05,1,flat,flat,0.13665616891511959,0.5005342217914278,0.3628096092934525,0.3628096092934525,-0.1377246124979753,False,True
NVIDIA Corporation,2022-08-05,2022-08-08,1,down,flat,0.22761130447325656,0.45545409117954744,0.31693460434719595,0.31693460434719595,-0.1385194868323515,False,False
NVIDIA Corporation,2022-08-08,2022-08-09,1,down,down,0.5182928321303686,0.32171078706352274,0.1599963808061085,0.5182928321303686,0.19658204506684585,True,True
NVIDIA Corporation,2022-08-09,2022-08-10,1,up,flat,0.29658307776037096,0.4234745927898339,0.27994232944979497,0.29658307776037096,-0.12689151502946294,False,False
NVIDIA Corporation,2022-08-10,2022-08-11,1,flat,up,0.11291018598463352,0.44032192419652605,0.4467678898188403,0.4467678898188403,0.006445965622314254,True,False
NVIDIA Corporation,2022-08-11,2022-08-12,1,flat,flat,0.12673094469329838,0.46540985423629677,0.40785920107040485,0.40785920107040485,-0.05755065316589192,False,True
NVIDIA Corporation,2022-08-12,2022-08-15,1,flat,flat,0.12737341429699295,0.5271208467889441,0.345505738914063,0.345505738914063,-0.1816151078748811,False,True
NVIDIA Corporation,2022-08-15,2022-08-16,1,flat,flat,0.14866862941069275,0.5546266979983983,0.29670467259090894,0.29670467259090894,-0.2579220254074893,False,True
NVIDIA Corporation,2022-08-16,2022-08-17,1,down,flat,0.26360095147991436,0.542304230711848,0.19409481780823762,0.26360095147991436,-0.2787032792319336,False,False
NVIDIA Corporation,2022-08-17,2022-08-18,1,flat,flat,0.3242097716975754,0.45075385388491807,0.2250363744175063,0.3242097716975754,-0.12654408218734264,False,True
NVIDIA Corporation,2022-08-18,2022-08-19,1,flat,flat,0.17028090494485093,0.42804109456736483,0.4016780004877841,0.4016780004877841,-0.026363094079580707,False,True
NVIDIA Corporation,2022-08-19,2022-08-22,1,down,flat,0.2892577047461387,0.44629664738255326,0.264445647871308,0.2892577047461387,-0.15703894263641455,False,False
NVIDIA Corporation,2022-08-22,2022-08-23,1,flat,flat,0.31143486500503287,0.4636564268803296,0.22490870811463737,0.31143486500503287,-0.15222156187529673,False,True
NVIDIA Corporation,2022-08-23,2022-08-24,1,flat,flat,0.17116568498039092,0.4654448747335335,0.36338944028607545,0.36338944028607545,-0.10205543444745807,False,True
NVIDIA Corporation,2022-08-24,2022-08-25,1,flat,flat,0.17917638603551223,0.48771312395278865,0.3331104900116989,0.3331104900116989,-0.15460263394108975,False,True
NVIDIA Corporation,2022-08-25,2022-08-26,1,flat,flat,0.15946656574294985,0.47088690713554315,0.3696465271215068,0.3696465271215068,-0.10124038001403635,False,True
NVIDIA Corporation,2022-08-26,2022-08-29,1,down,flat,0.25584367180571577,0.5001959696658018,0.24396035852848247,0.25584367180571577,-0.24435229786008605,False,False
NVIDIA Corporation,2022-08-29,2022-08-30,1,flat,flat,0.39551478131059187,0.42643625197599877,0.1780489667134092,0.39551478131059187,-0.030921470665406903,False,True
NVIDIA Corporation,2022-08-30,2022-08-31,1,down,flat,0.258328320577324,0.54723763508516,0.19443404433751582,0.258328320577324,-0.28890931450783597,False,False
NVIDIA Corporation,2022-08-31,2022-09-01,1,down,flat,0.25521083928023014,0.5521030329569235,0.19268612776284633,0.25521083928023014,-0.2968921936766934,False,False
NVIDIA Corporation,2022-09-01,2022-09-02,1,flat,down,0.4811593606868133,0.38253111619256797,0.1363095231206184,0.4811593606868133,0.09862824449424534,True,False
NVIDIA Corporation,2022-09-02,2022-09-06,1,flat,flat,0.16069051906575238,0.566099752523771,0.2732097284104764,0.2732097284104764,-0.29289002411329457,False,True
NVIDIA Corporation,2022-09-06,2022-09-07,1,flat,flat,0.22014355806454045,0.605243593765083,0.17461284817037648,0.22014355806454045,-0.3851000357005425,False,True
NVIDIA Corporation,2022-09-07,2022-09-08,1,flat,flat,0.16607734823670803,0.6802609438704876,0.15366170789280414,0.16607734823670803,-0.5141835956337796,False,True
NVIDIA Corporation,2022-09-08,2022-09-09,1,up,flat,0.1521316488546257,0.6941619331468825,0.15370641799849152,0.15370641799849152,-0.540455515148391,False,False
NVIDIA Corporation,2022-09-09,2022-09-12,1,flat,flat,0.14304738394879646,0.681998134608959,0.17495448144224424,0.17495448144224424,-0.5070436531667147,False,True
NVIDIA Corporation,2022-09-12,2022-09-13,1,down,flat,0.18013355565595915,0.6965476860885659,0.12331875825547475,0.18013355565595915,-0.5164141304326068,False,False
NVIDIA Corporation,2022-09-13,2022-09-14,1,flat,flat,0.421234764520796,0.4674477079296885,0.11131752754951542,0.421234764520796,-0.04621294340889248,False,True
NVIDIA Corporation,2022-09-14,2022-09-15,1,flat,flat,0.29113356669130774,0.5940667015854401,0.11479973172325202,0.29113356669130774,-0.3029331348941323,False,True
NVIDIA Corporation,2022-09-15,2022-09-16,1,flat,flat,0.2129961955619879,0.6516811408223914,0.13532266361562073,0.2129961955619879,-0.43868494526040347,False,True
NVIDIA Corporation,2022-09-16,2022-09-19,1,flat,flat,0.17725686924492795,0.6407756678419361,0.18196746291313584,0.18196746291313584,-0.45880820492880026,False,True
NVIDIA Corporation,2022-09-19,2022-09-20,1,flat,flat,0.09749183404240971,0.6494931070303691,0.2530150589272212,0.2530150589272212,-0.3964780481031479,False,True
NVIDIA Corporation,2022-09-20,2022-09-21,1,flat,flat,0.20596681386413557,0.6254297308973831,0.1686034552384813,0.20596681386413557,-0.4194629170332475,False,True
NVIDIA Corporation,2022-09-21,2022-09-22,1,down,flat,0.19666582085733558,0.5753269049093536,0.22800727423331085,0.22800727423331085,-0.3473196306760427,False,False
NVIDIA Corporation,2022-09-22,2022-09-23,1,down,flat,0.3855029935030184,0.5164632589392959,0.09803374755768558,0.3855029935030184,-0.13096026543627748,False,False
NVIDIA Corporation,2022-09-23,2022-09-26,1,flat,flat,0.33439160141753843,0.5504066364749011,0.11520176210756039,0.33439160141753843,-0.21601503505736264,False,True
NVIDIA Corporation,2022-09-26,2022-09-27,1,flat,flat,0.22004832391005275,0.5983758083489722,0.18157586774097506,0.22004832391005275,-0.37832748443891945,False,True
NVIDIA Corporation,2022-09-27,2022-09-28,1,flat,flat,0.14227264470288256,0.6057743823462101,0.2519529729509073,0.2519529729509073,-0.35382140939530277,False,True
NVIDIA Corporation,2022-09-28,2022-09-29,1,down,flat,0.1362076332894686,0.6218529604210277,0.24193940628950372,0.24193940628950372,-0.37991355413152395,False,False
NVIDIA Corporation,2022-09-29,2022-09-30,1,flat,flat,0.29071653566872946,0.5502418520856438,0.15904161224562663,0.29071653566872946,-0.25952531641691434,False,True
NVIDIA Corporation,2022-09-30,2022-10-03,1,flat,flat,0.20878792598513715,0.627115169886878,0.16409690412798475,0.20878792598513715,-0.4183272439017408,False,True
NVIDIA Corporation,2022-10-03,2022-10-04,1,up,flat,0.15467558183435406,0.6191077168194973,0.2262167013461485,0.2262167013461485,-0.3928910154733488,False,False
NVIDIA Corporation,2022-10-04,2022-10-05,1,flat,flat,0.09093437147897307,0.5637865269953872,0.34527910152563956,0.34527910152563956,-0.21850742546974766,False,True
NVIDIA Corporation,2022-10-05,2022-10-06,1,flat,flat,0.19929580160469773,0.613443555025003,0.18726064337029907,0.19929580160469773,-0.4141477534203053,False,True
NVIDIA Corporation,2022-10-06,2022-10-07,1,down,flat,0.15641585348086734,0.5397876372929511,0.30379650922618145,0.30379650922618145,-0.23599112806676964,False,False
NVIDIA Corporation,2022-10-07,2022-10-10,1,down,flat,0.4435513099202038,0.48007177206341306,0.076376918016383,0.4435513099202038,-0.036520462143209254,False,False
NVIDIA Corporation,2022-10-10,2022-10-11,1,flat,flat,0.32043686383868775,0.5350879604061908,0.14447517575512148,0.32043686383868775,-0.21465109656750303,False,True
NVIDIA Corporation,2022-10-11,2022-10-12,1,flat,flat,0.2193626076269866,0.5603019307800277,0.2203354615929857,0.2203354615929857,-0.339966469187042,False,True
NVIDIA Corporation,2022-10-12,2022-10-13,1,flat,flat,0.19025342432603853,0.5573972721979976,0.2523493034759638,0.2523493034759638,-0.3050479687220338,False,True
NVIDIA Corporation,2022-10-13,2022-10-14,1,flat,flat,0.22065703383421065,0.5131900857803247,0.2661528803854646,0.2661528803854646,-0.24703720539486007,False,True
NVIDIA Corporation,2022-10-14,2022-10-17,1,flat,flat,0.11182627970331588,0.6557967020457994,0.23237701825088458,0.23237701825088458,-0.42341968379491485,False,True
NVIDIA Corporation,2022-10-17,2022-10-18,1,flat,flat,0.16980920121949833,0.6854683090290001,0.1447224897515015,0.16980920121949833,-0.5156591078095019,False,True
NVIDIA Corporation,2022-10-18,2022-10-19,1,flat,flat,0.10128658242342231,0.6597753742144044,0.23893804336217309,0.23893804336217309,-0.4208373308522313,False,True
NVIDIA Corporation,2022-10-19,2022-10-20,1,flat,flat,0.24549079191728876,0.6038266778631989,0.15068253021951228,0.24549079191728876,-0.35833588594591015,False,True
NVIDIA Corporation,2022-10-20,2022-10-21,1,flat,flat,0.1500287171401239,0.586960611560193,0.26301067129968314,0.26301067129968314,-0.3239499402605098,False,True
NVIDIA Corporation,2022-10-21,2022-10-24,1,flat,flat,0.21768904558778857,0.6198415115629464,0.16246944284926498,0.21768904558778857,-0.40215246597515786,False,True
NVIDIA Corporation,2022-10-24,2022-10-25,1,up,flat,0.13124593411080873,0.6542359910512292,0.21451807483796193,0.21451807483796193,-0.4397179162132673,False,False
NVIDIA Corporation,2022-10-25,2022-10-26,1,flat,flat,0.1131871508780119,0.6437963105380291,0.24301653858395889,0.24301653858395889,-0.4007797719540702,False,True
NVIDIA Corporation,2022-10-26,2022-10-27,1,up,flat,0.18758790640137965,0.6425816061567982,0.1698304874418222,0.18758790640137965,-0.4549936997554185,False,False
NVIDIA Corporation,2022-10-27,2022-10-28,1,flat,flat,0.12406834056828,0.6420310367513248,0.23390062268039524,0.23390062268039524,-0.40813041407092954,False,True
NVIDIA Corporation,2022-10-28,2022-10-31,1,flat,flat,0.22745593890026639,0.6021159154766571,0.17042814562307623,0.22745593890026639,-0.3746599765763907,False,True
NVIDIA Corporation,2022-10-31,2022-11-01,1,flat,flat,0.19890058754829693,0.6224537785747902,0.17864563387691254,0.19890058754829693,-0.4235531910264933,False,True
NVIDIA Corporation,2022-11-01,2022-11-02,1,flat,flat,0.17166599411728528,0.6061100518775784,0.22222395400513617,0.22222395400513617,-0.3838860978724422,False,True
NVIDIA Corporation,2022-11-02,2022-11-03,1,flat,flat,0.24877955211614947,0.5125942612217859,0.23862618666206475,0.24877955211614947,-0.2638147091056364,False,True
NVIDIA Corporation,2022-11-03,2022-11-04,1,up,flat,0.3086514406639698,0.49789948528312833,0.193449074052902,0.3086514406639698,-0.1892480446191585,False,False
NVIDIA Corporation,2022-11-04,2022-11-07,1,flat,flat,0.08232193776147473,0.4907201113642321,0.4269579508742931,0.4269579508742931,-0.06376216048993899,False,True
NVIDIA Corporation,2022-11-07,2022-11-08,1,flat,flat,0.15827641650397567,0.6132365064637102,0.22848707703231413,0.22848707703231413,-0.38474942943139606,False,True
NVIDIA Corporation,2022-11-08,2022-11-09,1,down,flat,0.12294435263556094,0.4842924877176231,0.39276315964681574,0.39276315964681574,-0.09152932807080738,False,False
NVIDIA Corporation,2022-11-09,2022-11-10,1,up,flat,0.41892740454388006,0.43336579441188383,0.14770680104423614,0.41892740454388006,-0.014438389868003776,False,False
NVIDIA Corporation,2022-11-10,2022-11-11,1,up,flat,0.11561528362008455,0.4642797173859396,0.42010499899397574,0.42010499899397574,-0.04417471839196385,False,False
NVIDIA Corporation,2022-11-11,2022-11-14,1,flat,flat,0.1303652061983304,0.6187956594918503,0.25083913430981913,0.25083913430981913,-0.3679565251820312,False,True
NVIDIA Corporation,2022-11-14,2022-11-15,1,flat,flat,0.17270132867361135,0.6158211427170832,0.21147752860930524,0.21147752860930524,-0.40434361410777797,False,True
NVIDIA Corporation,2022-11-15,2022-11-16,1,down,flat,0.17859139957773576,0.606687391620905,0.21472120880135911,0.21472120880135911,-0.39196618281954587,False,False
NVIDIA Corporation,2022-11-16,2022-11-17,1,flat,flat,0.4186370887954548,0.4607624078686432,0.1206005033359017,0.4186370887954548,-0.042125319073188394,False,True
NVIDIA Corporation,2022-11-17,2022-11-18,1,flat,flat,0.33015837769671375,0.4985990360132166,0.1712425862900695,0.33015837769671375,-0.16844065831650284,False,True
NVIDIA Corporation,2022-11-18,2022-11-21,1,flat,flat,0.20427890455287379,0.553372185334773,0.2423489101123531,0.2423489101123531,-0.31102327522241985,False,True
NVIDIA Corporation,2022-11-21,2022-11-22,1,flat,flat,0.2688208700533079,0.5237833932606665,0.20739573668602562,0.2688208700533079,-0.25496252320735857,False,True
NVIDIA Corporation,2022-11-22,2022-11-23,1,up,flat,0.12069563242908518,0.5872089580869437,0.29209540948397106,0.29209540948397106,-0.2951135486029727,False,False
NVIDIA Corporation,2022-11-23,2022-11-25,1,flat,flat,0.12324571656482074,0.5746851419816128,0.3020691414535662,0.3020691414535662,-0.2726160005280466,False,True
NVIDIA Corporation,2022-11-25,2022-11-28,1,flat,flat,0.17179478238053014,0.6558952923695855,0.17230992524988414,0.17230992524988414,-0.4835853671197014,False,True
NVIDIA Corporation,2022-11-28,2022-11-29,1,flat,flat,0.2564197601068552,0.5354928527153506,0.20808738717779396,0.2564197601068552,-0.27907309260849544,False,True
NVIDIA Corporation,2022-11-29,2022-11-30,1,up,flat,0.2673408269754475,0.5188742077200531,0.2137849653044993,0.2673408269754475,-0.25153338074460563,False,False
NVIDIA Corporation,2022-11-30,2022-12-01,1,up,flat,0.1283796043919403,0.49206590729995553,0.37955448830810395,0.37955448830810395,-0.11251141899185158,False,False
NVIDIA Corporation,2022-12-01,2022-12-02,1,flat,flat,0.10238912609142267,0.4903117374860597,0.40729913642251747,0.40729913642251747,-0.08301260106354225,False,True
NVIDIA Corporation,2022-12-02,2022-12-05,1,flat,flat,0.2966948162164118,0.45529615503600895,0.2480090287475792,0.2966948162164118,-0.15860133881959715,False,True
NVIDIA Corporation,2022-12-05,2022-12-06,1,down,flat,0.23119468926820164,0.4915117948417965,0.2772935158900018,0.2772935158900018,-0.21421827895179474,False,False
NVIDIA Corporation,2022-12-06,2022-12-07,1,flat,flat,0.33729426888420205,0.4664132561978978,0.19629247491790006,0.33729426888420205,-0.12911898731369575,False,True
NVIDIA Corporation,2022-12-07,2022-12-08,1,up,flat,0.3188229784027311,0.46178207186691966,0.219394949730349,0.3188229784027311,-0.14295909346418856,False,False
NVIDIA Corporation,2022-12-08,2022-12-09,1,up,up,0.12730897320397344,0.396278238542906,0.4764127882531203,0.4764127882531203,0.08013454971021428,True,True
NVIDIA Corporation,2022-12-09,2022-12-12,1,flat,up,0.10804233282979805,0.43771076859835645,0.4542468985718454,0.4542468985718454,0.016536129973488967,True,False
NVIDIA Corporation,2022-12-12,2022-12-13,1,up,flat,0.1801376092890425,0.49565119237390687,0.3242111983370505,0.3242111983370505,-0.1714399940368564,False,False
NVIDIA Corporation,2022-12-13,2022-12-14,1,down,up,0.1452093270101226,0.42204269040143233,0.4327479825884445,0.4327479825884445,0.010705292187012161,True,False
NVIDIA Corporation,2022-12-14,2022-12-15,1,down,down,0.40952449039272976,0.39124527710245827,0.19923023250481176,0.40952449039272976,0.01827921329027149,True,True
NVIDIA Corporation,2022-12-15,2022-12-16,1,flat,flat,0.3911838748592934,0.4015219842061145,0.20729414093459203,0.3911838748592934,-0.010338109346821112,False,True
NVIDIA Corporation,2022-12-16,2022-12-19,1,flat,flat,0.2996379607277063,0.4209181866925148,0.2794438525797788,0.2996379607277063,-0.12128022596480847,False,True
NVIDIA Corporation,2022-12-19,2022-12-20,1,flat,flat,0.27078651160453354,0.4344832209465274,0.29473026744893893,0.29473026744893893,-0.13975295349758848,False,True
NVIDIA Corporation,2022-12-20,2022-12-21,1,flat,flat,0.21569413933394543,0.5022254869918549,0.2820803736741996,0.2820803736741996,-0.2201451133176553,False,True
NVIDIA Corporation,2022-12-21,2022-12-22,1,down,flat,0.11349555386729654,0.4674926558584861,0.4190117902742172,0.4190117902742172,-0.048480865584268895,False,False
NVIDIA Corporation,2022-12-22,2022-12-23,1,down,flat,0.38451126292436794,0.4523152940257761,0.16317344304985582,0.38451126292436794,-0.06780403110140815,False,False
NVIDIA Corporation,2022-12-23,2022-12-27,1,down,flat,0.2552869124687075,0.5397597050449765,0.20495338248631587,0.2552869124687075,-0.284472792576269,False,False
NVIDIA Corporation,2022-12-27,2022-12-28,1,down,flat,0.31178275672582323,0.5217329783425741,0.1664842649316024,0.31178275672582323,-0.20995022161675092,False,False
NVIDIA Corporation,2022-12-28,2022-12-29,1,flat,flat,0.28351705456917337,0.5388823405559968,0.17760060487482954,0.28351705456917337,-0.25536528598682345,False,True
NVIDIA Corporation,2022-12-29,2022-12-30,1,flat,flat,0.11534698445411182,0.5875621561487945,0.2970908593970935,0.2970908593970935,-0.29047129675170097,False,True
NVIDIA Corporation,2022-12-30,2023-01-03,1,flat,flat,0.1900071110368542,0.5849339705503956,0.22505891841275003,0.22505891841275003,-0.3598750521376456,False,True
NVIDIA Corporation,2023-01-03,2023-01-04,1,flat,flat,0.21008276594152814,0.5943915158727334,0.19552571818573833,0.21008276594152814,-0.3843087499312053,False,True
NVIDIA Corporation,2023-01-04,2023-01-05,1,flat,flat,0.24470971569905803,0.5932741757787852,0.16201610852215684,0.24470971569905803,-0.34856446007972713,False,True
NVIDIA Corporation,2023-01-05,2023-01-06,1,up,flat,0.34607650681620916,0.5119189539042961,0.14200453927949447,0.34607650681620916,-0.16584244708808693,False,False
NVIDIA Corporation,2023-01-06,2023-01-09,1,up,up,0.11522590387963975,0.29580032579514426,0.5889737703252158,0.5889737703252158,0.29317344453007155,True,True
NVIDIA Corporation,2023-01-09,2023-01-10,1,flat,flat,0.12140144521678402,0.8007991209522514,0.07779943383096458,0.12140144521678402,-0.6793976757354674,False,True
NVIDIA Corporation,2023-01-10,2023-01-11,1,flat,flat,0.15127744439616012,0.7632399017297686,0.08548265387407096,0.15127744439616012,-0.6119624573336085,False,True
NVIDIA Corporation,2023-01-11,2023-01-12,1,flat,down,0.6071148546423167,0.3154184005524334,0.07746674480524962,0.6071148546423167,0.2916964540898833,True,False
NVIDIA Corporation,2023-01-12,2023-01-13,1,flat,down,0.6220845245235026,0.29933468131889185,0.07858079415760542,0.6220845245235026,0.32274984320461075,True,False
NVIDIA Corporation,2023-01-13,2023-01-17,1,flat,flat,0.12102144455326047,0.8007139588325767,0.07826459661416277,0.12102144455326047,-0.6796925142793162,False,True
NVIDIA Corporation,2023-01-17,2023-01-18,1,flat,up,0.12905112228539337,0.30170698146053804,0.5692418962540685,0.5692418962540685,0.2675349147935305,True,False
NVIDIA Corporation,2023-01-18,2023-01-19,1,flat,down,0.5724899963285014,0.33522462896263877,0.0922853747088598,0.5724899963285014,0.23726536736586262,True,False
NVIDIA Corporation,2023-01-19,2023-01-20,1,flat,flat,0.14712142290325098,0.7324925593599444,0.12038601773680443,0.14712142290325098,-0.5853711364566934,False,True
NVIDIA Corporation,2023-01-20,2023-01-23,1,up,flat,0.10425473181697645,0.797606889010376,0.0981383791726475,0.10425473181697645,-0.6933521571933996,False,False
NVIDIA Corporation,2023-01-23,2023-01-24,1,flat,flat,0.14031280205688007,0.7897613120932343,0.06992588584988557,0.14031280205688007,-0.6494485100363543,False,True
NVIDIA Corporation,2023-01-24,2023-01-25,1,flat,flat,0.1095545112249979,0.8072482546489547,0.08319723412604736,0.1095545112249979,-0.6976937434239567,False,True
NVIDIA Corporation,2023-01-25,2023-01-26,1,flat,flat,0.12211974890633363,0.779265450829657,0.09861480026400907,0.12211974890633363,-0.6571457019233234,False,True
NVIDIA Corporation,2023-01-26,2023-01-27,1,flat,flat,0.12970438752506785,0.7983065788807324,0.07198903359419964,0.12970438752506785,-0.6686021913556646,False,True
NVIDIA Corporation,2023-01-27,2023-01-30,1,flat,flat,0.23944577469226624,0.6838106735235654,0.07674355178416832,0.23944577469226624,-0.44436489883129915,False,True
NVIDIA Corporation,2023-01-30,2023-01-31,1,flat,flat,0.20181433575736876,0.6702755811714914,0.12791008307113952,0.20181433575736876,-0.4684612454141227,False,True
NVIDIA Corporation,2023-01-31,2023-02-01,1,up,flat,0.3137473243823368,0.5499678287316587,0.13628484688600434,0.3137473243823368,-0.2362205043493219,False,False
NVIDIA Corporation,2023-02-01,2023-02-02,1,up,flat,0.13667650933951506,0.7873384160281909,0.07598507463229383,0.13667650933951506,-0.6506619066886759,False,False
NVIDIA Corporation,2023-02-02,2023-02-03,1,flat,flat,0.10985278602695236,0.8148683002904109,0.07527891368263659,0.10985278602695236,-0.7050155142634585,False,True
NVIDIA Corporation,2023-02-03,2023-02-06,1,flat,flat,0.15810321645981712,0.744960037748682,0.0969367457915006,0.15810321645981712,-0.586856821288865,False,True
NVIDIA Corporation,2023-02-06,2023-02-07,1,up,flat,0.18497651557763278,0.7287656690441522,0.08625781537821478,0.18497651557763278,-0.5437891534665193,False,False
NVIDIA Corporation,2023-02-07,2023-02-08,1,up,flat,0.16452624910533514,0.7457671907534981,0.08970656014116665,0.16452624910533514,-0.581240941648163,False,False
NVIDIA Corporation,2023-02-08,2023-02-09,1,flat,flat,0.13173571901531125,0.7906818005019232,0.0775824804827654,0.13173571901531125,-0.6589460814866119,False,True
NVIDIA Corporation,2023-02-09,2023-02-10,1,down,flat,0.11847348541678586,0.5427446742795609,0.33878184030365316,0.33878184030365316,-0.2039628339759077,False,False
NVIDIA Corporation,2023-02-10,2023-02-13,1,flat,up,0.16492225863466445,0.30342669633046454,0.5316510450348708,0.5316510450348708,0.22822434870440628,True,False
NVIDIA Corporation,2023-02-13,2023-02-14,1,up,flat,0.10546289094780058,0.7309962406311281,0.1635408684210713,0.1635408684210713,-0.5674553722100568,False,False
NVIDIA Corporation,2023-02-14,2023-02-15,1,flat,flat,0.13226187103621884,0.7463761136102789,0.12136201535350205,0.13226187103621884,-0.61411424257406,False,True
NVIDIA Corporation,2023-02-15,2023-02-16,1,flat,flat,0.10511012064574285,0.7686450932892461,0.12624478606501077,0.12624478606501077,-0.6424003072242354,False,True
NVIDIA Corporation,2023-02-16,2023-02-17,1,down,flat,0.18192485529290692,0.5653842425898263,0.2526909021172666,0.2526909021172666,-0.31269334047255976,False,False
NVIDIA Corporation,2023-02-17,2023-02-21,1,flat,flat,0.1616881847711139,0.7045954942533239,0.13371632097556208,0.1616881847711139,-0.54290730948221,False,True
NVIDIA Corporation,2023-02-21,2023-02-22,1,flat,flat,0.16471930943459528,0.7314301155043523,0.10385057506105216,0.16471930943459528,-0.566710806069757,False,True
NVIDIA Corporation,2023-02-22,2023-02-23,1,up,up,0.14786907904843605,0.40381543195031505,0.4483154890012486,0.4483154890012486,0.04450005705093357,True,True
NVIDIA Corporation,2023-02-23,2023-02-24,1,flat,flat,0.10688846332517474,0.7129222444834248,0.1801892921914003,0.1801892921914003,-0.5327329522920244,False,True
NVIDIA Corporation,2023-02-24,2023-02-27,1,flat,flat,0.13204486898582046,0.7417711498070056,0.12618398120717353,0.13204486898582046,-0.6097262808211852,False,True
NVIDIA Corporation,2023-02-27,2023-02-28,1,flat,flat,0.08812990044241438,0.8250902786452694,0.08677982091231608,0.08812990044241438,-0.736960378202855,False,True
NVIDIA Corporation,2023-02-28,2023-03-01,1,flat,flat,0.1588421164049396,0.7426470537129171,0.09851082988214314,0.1588421164049396,-0.5838049373079774,False,True
NVIDIA Corporation,2023-03-01,2023-03-02,1,flat,flat,0.17093812878613532,0.7257865049125601,0.10327536630130439,0.17093812878613532,-0.5548483761264248,False,True
NVIDIA Corporation,2023-03-02,2023-03-03,1,flat,up,0.10922925620230252,0.28593812636169014,0.6048326174360072,0.6048326174360072,0.3188944910743171,True,False
NVIDIA Corporation,2023-03-03,2023-03-06,1,flat,up,0.10651502948282873,0.287266583319273,0.6062183871978981,0.6062183871978981,0.3189518038786251,True,False
NVIDIA Corporation,2023-03-06,2023-03-07,1,flat,up,0.11407263322592029,0.4217880573010985,0.46413930947298104,0.46413930947298104,0.04235125217188257,True,False
NVIDIA Corporation,2023-03-07,2023-03-08,1,flat,up,0.17586051043026674,0.2405916326410764,0.5835478569286566,0.5835478569286566,0.3429562242875802,True,False
NVIDIA Corporation,2023-03-08,2023-03-09,1,flat,up,0.11039532364227314,0.36218156603881996,0.5274231103189067,0.5274231103189067,0.1652415442800867,True,False
NVIDIA Corporation,2023-03-09,2023-03-10,1,down,flat,0.12695368987420932,0.5701019045611906,0.3029444055645999,0.3029444055645999,-0.2671574989965907,False,False
NVIDIA Corporation,2023-03-10,2023-03-13,1,flat,up,0.16510644284271397,0.2353544561269659,0.5995391010303202,0.5995391010303202,0.3641846449033542,True,False
NVIDIA Corporation,2023-03-13,2023-03-14,1,up,up,0.16197471499495306,0.23224710303460483,0.605778181970442,0.605778181970442,0.37353107893583715,True,True
NVIDIA Corporation,2023-03-14,2023-03-15,1,flat,up,0.12010241388620237,0.2975574976500622,0.5823400884637353,0.5823400884637353,0.28478259081367313,True,False
NVIDIA Corporation,2023-03-15,2023-03-16,1,up,up,0.11701711426406781,0.27465743328301506,0.608325452452917,0.608325452452917,0.33366801916990196,True,True
NVIDIA Corporation,2023-03-16,2023-03-17,1,up,up,0.1008850706068335,0.29120596286529093,0.6079089665278753,0.6079089665278753,0.31670300366258436,True,True
NVIDIA Corporation,2023-03-17,2023-03-20,1,flat,flat,0.17202745377777018,0.5239707556804477,0.30400179054178167,0.30400179054178167,-0.21996896513866604,False,True
NVIDIA Corporation,2023-03-20,2023-03-21,1,flat,flat,0.2534111539037025,0.6235167076640034,0.12307213843229393,0.2534111539037025,-0.37010555376030085,False,True
NVIDIA Corporation,2023-03-21,2023-03-22,1,up,up,0.11036571055382947,0.36532349477521575,0.5243107946709545,0.5243107946709545,0.1589872998957388,True,True
NVIDIA Corporation,2023-03-22,2023-03-23,1,flat,up,0.12001043686987863,0.27092370414062983,0.6090658589894913,0.6090658589894913,0.33814215484886145,True,False
NVIDIA Corporation,2023-03-23,2023-03-24,1,flat,up,0.10077636354875306,0.327692194713798,0.5715314417374489,0.5715314417374489,0.24383924702365084,True,False
NVIDIA Corporation,2023-03-24,2023-03-27,1,flat,up,0.16436870604347956,0.21167644696339505,0.6239548469931251,0.6239548469931251,0.41227840002973004,True,False
NVIDIA Corporation,2023-03-27,2023-03-28,1,flat,up,0.13003743887229233,0.22529500191797422,0.6446675592097333,0.6446675592097333,0.41937255729175904,True,False
NVIDIA Corporation,2023-03-28,2023-03-29,1,flat,up,0.15683953826941305,0.23880130234695876,0.604359159383628,0.604359159383628,0.3655578570366693,True,False
NVIDIA Corporation,2023-03-29,2023-03-30,1,flat,up,0.11348243844119321,0.27230453322371356,0.6142130283350931,0.6142130283350931,0.3419084951113795,True,False
NVIDIA Corporation,2023-03-30,2023-03-31,1,flat,up,0.09916912864701101,0.28291756312275734,0.6179133082302314,0.6179133082302314,0.33499574510747404,True,False
NVIDIA Corporation,2023-03-31,2023-04-03,1,flat,up,0.1124536724954998,0.2713171463397087,0.6162291811647913,0.6162291811647913,0.3449120348250826,True,False
NVIDIA Corporation,2023-04-03,2023-04-04,1,flat,up,0.09914238864442115,0.30598898829965115,0.5948686230559275,0.5948686230559275,0.2888796347562763,True,False
NVIDIA Corporation,2023-04-04,2023-04-05,1,down,up,0.12492247054981918,0.279178034066411,0.5958994953837697,0.5958994953837697,0.31672146131735873,True,False
NVIDIA Corporation,2023-04-05,2023-04-06,1,flat,up,0.1894406110486944,0.22702470337800937,0.5835346855732961,0.5835346855732961,0.35650998219528673,True,False
NVIDIA Corporation,2023-04-06,2023-04-10,1,flat,up,0.11199212428131915,0.20897870245663297,0.6790291732620479,0.6790291732620479,0.47005047080541495,True,False
NVIDIA Corporation,2023-04-10,2023-04-11,1,flat,up,0.10375854279178903,0.23836791295453688,0.657873544253674,0.657873544253674,0.4195056312991371,True,False
NVIDIA Corporation,2023-04-11,2023-04-12,1,down,up,0.09763288907218916,0.26356367199486574,0.6388034389329449,0.6388034389329449,0.37523976693807914,True,False
NVIDIA Corporation,2023-04-12,2023-04-13,1,flat,up,0.2584924228652957,0.17281677917418845,0.5686907979605159,0.5686907979605159,0.39587401878632744,True,False
NVIDIA Corporation,2023-04-13,2023-04-14,1,flat,up,0.1742448841345004,0.20949208491035456,0.616263030955145,0.616263030955145,0.40677094604479047,True,False
NVIDIA Corporation,2023-04-14,2023-04-17,1,flat,up,0.1258663026159511,0.22348890672621982,0.650644790657829,0.650644790657829,0.4271558839316092,True,False
NVIDIA Corporation,2023-04-17,2023-04-18,1,up,up,0.09268915704655313,0.21899156173830311,0.6883192812151436,0.6883192812151436,0.4693277194768405,True,True
NVIDIA Corporation,2023-04-18,2023-04-19,1,flat,up,0.1112121137615038,0.20276166968598758,0.6860262165525086,0.6860262165525086,0.48326454686652104,True,False
NVIDIA Corporation,2023-04-19,2023-04-20,1,flat,up,0.11369416158169264,0.2668672372423221,0.6194386011759853,0.6194386011759853,0.3525713639336632,True,False
NVIDIA Corporation,2023-04-20,2023-04-21,1,down,up,0.15542095182819016,0.22794067374903812,0.6166383744227716,0.6166383744227716,0.38869770067373344,True,False
NVIDIA Corporation,2023-04-21,2023-04-24,1,flat,up,0.17138380570767092,0.1950167690668217,0.6335994252255075,0.6335994252255075,0.4385826561586858,True,False
NVIDIA Corporation,2023-04-24,2023-04-25,1,flat,up,0.14055917523612055,0.2008253576968279,0.6586154670670515,0.6586154670670515,0.45779010937022363,True,False
NVIDIA Corporation,2023-04-25,2023-04-26,1,flat,up,0.20593460810624323,0.19759651665961922,0.5964688752341376,0.5964688752341376,0.3988723585745184,True,False
NVIDIA Corporation,2023-04-26,2023-04-27,1,flat,up,0.11420739878522249,0.23550545379180976,0.6502871474229677,0.6502871474229677,0.4147816936311579,True,False
NVIDIA Corporation,2023-04-27,2023-04-28,1,flat,up,0.12127088393111399,0.23038834521261087,0.648340770856275,0.648340770856275,0.4179524256436641,True,False
NVIDIA Corporation,2023-04-28,2023-05-01,1,up,up,0.08856487336302725,0.289003024107627,0.6224321025293457,0.6224321025293457,0.33342907842171865,True,True
NVIDIA Corporation,2023-05-01,2023-05-02,1,flat,up,0.10224080767374906,0.20147009634947755,0.6962890959767735,0.6962890959767735,0.4948189996272959,True,False
NVIDIA Corporation,2023-05-02,2023-05-03,1,down,up,0.10385691118710405,0.27366531704201486,0.6224777717708809,0.6224777717708809,0.3488124547288661,True,False
NVIDIA Corporation,2023-05-03,2023-05-04,1,flat,up,0.1928283156386299,0.20341969273609553,0.6037519916252745,0.6037519916252745,0.400332298889179,True,False
NVIDIA Corporation,2023-05-04,2023-05-05,1,up,up,0.16449792919186423,0.19734214305115816,0.6381599277569776,0.6381599277569776,0.44081778470581945,True,True
NVIDIA Corporation,2023-05-05,2023-05-08,1,up,up,0.11107190632364163,0.2274049601398101,0.6615231335365483,0.6615231335365483,0.43411817339673825,True,True
NVIDIA Corporation,2023-05-08,2023-05-09,1,flat,up,0.11050647335066718,0.2443585725609056,0.6451349540884271,0.6451349540884271,0.40077638152752154,True,False
NVIDIA Corporation,2023-05-09,2023-05-10,1,flat,up,0.15900252026085165,0.2490726297615048,0.5919248499776435,0.5919248499776435,0.3428522202161387,True,False
NVIDIA Corporation,2023-05-10,2023-05-11,1,flat,up,0.1218077100973093,0.25261182058380943,0.6255804693188811,0.6255804693188811,0.3729686487350717,True,False
NVIDIA Corporation,2023-05-11,2023-05-12,1,flat,up,0.16461141528444032,0.21086374475924807,0.6245248399563115,0.6245248399563115,0.4136610951970634,True,False
NVIDIA Corporation,2023-05-12,2023-05-15,1,flat,up,0.17275525189187413,0.1968362323798602,0.6304085157282657,0.6304085157282657,0.43357228334840553,True,False
NVIDIA Corporation,2023-05-15,2023-05-16,1,up,up,0.11322746202826263,0.23557298143783706,0.6511995565339002,0.6511995565339002,0.4156265750960631,True,True
NVIDIA Corporation,2023-05-16,2023-05-17,1,up,up,0.10617673900192941,0.23054726500987485,0.6632759959881958,0.6632759959881958,0.4327287309783209,True,True
NVIDIA Corporation,2023-05-17,2023-05-18,1,up,up,0.10816915884357489,0.21980052419135063,0.6720303169650744,0.6720303169650744,0.45222979277372377,True,True
NVIDIA Corporation,2023-05-18,2023-05-19,1,flat,up,0.14079218232179497,0.2553163274810983,0.6038914901971064,0.6038914901971064,0.34857516271600814,True,False
NVIDIA Corporation,2023-05-19,2023-05-22,1,flat,up,0.10991426935194848,0.2859311357896343,0.604154594858417,0.604154594858417,0.31822345906878274,True,False
NVIDIA Corporation,2023-05-22,2023-05-23,1,flat,up,0.16180583590576397,0.23229523658066967,0.6058989275135662,0.6058989275135662,0.3736036909328966,True,False
NVIDIA Corporation,2023-05-23,2023-05-24,1,down,up,0.15480726743708936,0.21522467370176318,0.6299680588611474,0.6299680588611474,0.4147433851593842,True,False
NVIDIA Corporation,2023-05-24,2023-05-25,1,up,up,0.15698635917777637,0.21361062503450365,0.6294030157877198,0.6294030157877198,0.41579239075321617,True,True
NVIDIA Corporation,2023-05-25,2023-05-26,1,flat,flat,0.13727420904300805,0.738525226298551,0.12420056465844068,0.13727420904300805,-0.601251017255543,False,True
NVIDIA Corporation,2023-05-26,2023-05-30,1,up,flat,0.11713868200749994,0.755392465885102,0.1274688521073978,0.1274688521073978,-0.6279236137777042,False,False
NVIDIA Corporation,2023-05-30,2023-05-31,1,down,flat,0.1886898108974201,0.7190345918095769,0.09227559729300275,0.1886898108974201,-0.5303447809121568,False,False
NVIDIA Corporation,2023-05-31,2023-06-01,1,flat,flat,0.1720780250278625,0.7289825931226673,0.09893938184947,0.1720780250278625,-0.5569045680948048,False,True
NVIDIA Corporation,2023-06-01,2023-06-02,1,flat,flat,0.12888600374102288,0.782885277147412,0.088228719111565,0.12888600374102288,-0.6539992734063891,False,True
NVIDIA Corporation,2023-06-02,2023-06-05,1,flat,flat,0.0994334568710641,0.7706350660517743,0.12993147707716135,0.12993147707716135,-0.640703588974613,False,True
NVIDIA Corporation,2023-06-05,2023-06-06,1,flat,up,0.14661530106460627,0.20793180911500403,0.6454528898203897,0.6454528898203897,0.4375210807053857,True,False
NVIDIA Corporation,2023-06-06,2023-06-07,1,flat,flat,0.18741898628157777,0.5077615080615565,0.30481950565686555,0.30481950565686555,-0.20294200240469096,False,True
NVIDIA Corporation,2023-06-07,2023-06-08,1,flat,flat,0.1496448459523786,0.739291876014783,0.11106327803283836,0.1496448459523786,-0.5896470300624044,False,True
NVIDIA Corporation,2023-06-08,2023-06-09,1,flat,flat,0.12906435478878855,0.7147476565885098,0.15618798862270142,0.15618798862270142,-0.5585596679658084,False,True
NVIDIA Corporation,2023-06-09,2023-06-12,1,flat,flat,0.10496674317638308,0.780577125906851,0.11445613091676579,0.11445613091676579,-0.6661209949900853,False,True
NVIDIA Corporation,2023-06-12,2023-06-13,1,up,flat,0.11102926552056375,0.7721587954025042,0.11681193907693198,0.11681193907693198,-0.6553468563255722,False,False
NVIDIA Corporation,2023-06-13,2023-06-14,1,up,flat,0.1012722296024521,0.7964274234186618,0.10230034697888579,0.10230034697888579,-0.694127076439776,False,False
NVIDIA Corporation,2023-06-14,2023-06-15,1,flat,flat,0.13102557254516842,0.7933630365907458,0.07561139086408546,0.13102557254516842,-0.6623374640455774,False,True
NVIDIA Corporation,2023-06-15,2023-06-16,1,flat,flat,0.11948657497629112,0.8070453729112743,0.07346805211243444,0.11948657497629112,-0.6875587979349832,False,True
NVIDIA Corporation,2023-06-16,2023-06-20,1,flat,flat,0.14257070767877653,0.7655981446932172,0.09183114762800607,0.14257070767877653,-0.6230274370144406,False,True
NVIDIA Corporation,2023-06-20,2023-06-21,1,flat,up,0.13420835696237413,0.30205099084670667,0.563740652190919,0.563740652190919,0.2616896613442123,True,False
NVIDIA Corporation,2023-06-21,2023-06-22,1,flat,up,0.14693354105384485,0.25552541530103606,0.5975410436451191,0.5975410436451191,0.342015628344083,True,False
NVIDIA Corporation,2023-06-22,2023-06-23,1,flat,up,0.11944745016245498,0.2055814856712579,0.6749710641662872,0.6749710641662872,0.46938957849502927,True,False
NVIDIA Corporation,2023-06-23,2023-06-26,1,down,up,0.11340150748431545,0.22136285129626743,0.665235641219417,0.665235641219417,0.4438727899231496,True,False
NVIDIA Corporation,2023-06-26,2023-06-27,1,flat,up,0.19663569682950863,0.2307519419476267,0.5726123612228645,0.5726123612228645,0.3418604192752378,True,False
NVIDIA Corporation,2023-06-27,2023-06-28,1,flat,up,0.14308524017794325,0.2025392237584085,0.6543755360636483,0.6543755360636483,0.4518363123052398,True,False
NVIDIA Corporation,2023-06-28,2023-06-29,1,flat,up,0.16422005592688596,0.22487803953583402,0.6109019045372799,0.6109019045372799,0.38602386500144587,True,False
NVIDIA Corporation,2023-06-29,2023-06-30,1,flat,up,0.10990281546067233,0.18470089930444555,0.7053962852348822,0.7053962852348822,0.5206953859304366,True,False
NVIDIA Corporation,2023-06-30,2023-07-03,1,flat,up,0.12104055776578776,0.25380421398063796,0.6251552282535742,0.6251552282535742,0.3713510142729362,True,False
NVIDIA Corporation,2023-07-03,2023-07-05,1,flat,up,0.0733066881979716,0.3257298772924061,0.6009634345096223,0.6009634345096223,0.2752335572172162,True,False
NVIDIA Corporation,2023-07-05,2023-07-06,1,flat,up,0.11330795909232078,0.2665444077188485,0.6201476331888305,0.6201476331888305,0.35360322546998196,True,False
NVIDIA Corporation,2023-07-06,2023-07-07,1,flat,up,0.1746025617630537,0.19708037339454562,0.6283170648424006,0.6283170648424006,0.4312366914478549,True,False
NVIDIA Corporation,2023-07-07,2023-07-10,1,flat,up,0.09496953025790739,0.28213582944892884,0.6228946402931637,0.6228946402931637,0.3407588108442348,True,False
NVIDIA Corporation,2023-07-10,2023-07-11,1,flat,up,0.18399450306393544,0.19945661488580327,0.6165488820502613,0.6165488820502613,0.417092267164458,True,False
NVIDIA Corporation,2023-07-11,2023-07-12,1,up,up,0.11811480225115153,0.23749379911467763,0.6443913986341707,0.6443913986341707,0.4068975995194931,True,True
NVIDIA Corporation,2023-07-12,2023-07-13,1,up,up,0.09816448168169341,0.25460427533900354,0.6472312429793029,0.6472312429793029,0.39262696764029936,True,True
NVIDIA Corporation,2023-07-13,2023-07-14,1,up,up,0.10891919949853732,0.2962408051445025,0.5948399953569602,0.5948399953569602,0.2985991902124577,True,True
NVIDIA Corporation,2023-07-14,2023-07-17,1,flat,up,0.1295089765064862,0.27029541689023234,0.6001956066032812,0.6001956066032812,0.32990018971304885,True,False
NVIDIA Corporation,2023-07-17,2023-07-18,1,up,up,0.11637274574451656,0.2700529418725983,0.6135743123828851,0.6135743123828851,0.34352137051028675,True,True
NVIDIA Corporation,2023-07-18,2023-07-19,1,flat,up,0.12926239985004317,0.2768590460543962,0.5938785540955605,0.5938785540955605,0.31701950804116424,True,False
NVIDIA Corporation,2023-07-19,2023-07-20,1,down,up,0.12236506048099645,0.29561722958588493,0.5820177099331185,0.5820177099331185,0.2864004803472336,True,False
NVIDIA Corporation,2023-07-20,2023-07-21,1,down,up,0.1914682348716533,0.1942450453669444,0.6142867197614023,0.6142867197614023,0.42004167439445783,True,False
NVIDIA Corporation,2023-07-21,2023-07-24,1,flat,up,0.20208154219483818,0.20262900108097512,0.5952894567241866,0.5952894567241866,0.3926604556432115,True,False
NVIDIA Corporation,2023-07-24,2023-07-25,1,flat,up,0.14755173700538485,0.18956868326328444,0.6628795797313305,0.6628795797313305,0.473310896468046,True,False
NVIDIA Corporation,2023-07-25,2023-07-26,1,flat,up,0.09512580961881684,0.22863063934933353,0.6762435510318494,0.6762435510318494,0.4476129116825159,True,False
NVIDIA Corporation,2023-07-26,2023-07-27,1,flat,up,0.1418488002268235,0.22705364863301056,0.6310975511401656,0.6310975511401656,0.40404390250715505,True,False
NVIDIA Corporation,2023-07-27,2023-07-28,1,flat,up,0.11540870716063802,0.25927928189813065,0.6253120109412311,0.6253120109412311,0.36603272904310047,True,False
NVIDIA Corporation,2023-07-28,2023-07-31,1,flat,up,0.09926177695245668,0.2973049840408652,0.6034332390066779,0.6034332390066779,0.3061282549658127,True,False
NVIDIA Corporation,2023-07-31,2023-08-01,1,flat,up,0.08345063596202586,0.28782321098997876,0.6287261530479951,0.6287261530479951,0.3409029420580163,True,False
NVIDIA Corporation,2023-08-01,2023-08-02,1,down,up,0.14200179726877674,0.20902036863731044,0.6489778340939127,0.6489778340939127,0.4399574654566023,True,False
NVIDIA Corporation,2023-08-02,2023-08-03,1,flat,up,0.2005055226180031,0.22035648241516556,0.5791379949668313,0.5791379949668313,0.3587815125516657,True,False
NVIDIA Corporation,2023-08-03,2023-08-04,1,flat,up,0.1316395932916169,0.21300386792426174,0.6553565387841211,0.6553565387841211,0.4423526708598594,True,False
NVIDIA Corporation,2023-08-04,2023-08-07,1,flat,up,0.10185784440826019,0.21962639235662124,0.6785157632351184,0.6785157632351184,0.4588893708784972,True,False
NVIDIA Corporation,2023-08-07,2023-08-08,1,flat,up,0.1121709032018917,0.2340415527810843,0.6537875440170238,0.6537875440170238,0.4197459912359395,True,False
NVIDIA Corporation,2023-08-08,2023-08-09,1,down,up,0.2215300595491764,0.1911242159620249,0.5873457244887986,0.5873457244887986,0.39622150852677374,True,False
NVIDIA Corporation,2023-08-09,2023-08-10,1,down,up,0.19385986516238332,0.23686209730623853,0.5692780375313778,0.5692780375313778,0.3324159402251393,True,False
NVIDIA Corporation,2023-08-10,2023-08-11,1,down,up,0.13069733420409999,0.27094454168332793,0.5983581241125719,0.5983581241125719,0.327413582429244,True,False
NVIDIA Corporation,2023-08-11,2023-08-14,1,flat,up,0.13089129278722073,0.2947394008532673,0.5743693063595117,0.5743693063595117,0.2796299055062444,True,False
NVIDIA Corporation,2023-08-14,2023-08-15,1,up,up,0.11243259425078903,0.2191322244101013,0.6684351813391094,0.6684351813391094,0.4493029569290081,True,True
NVIDIA Corporation,2023-08-15,2023-08-16,1,flat,up,0.10723596426353704,0.2079762082267277,0.6847878275097352,0.6847878275097352,0.4768116192830075,True,False
NVIDIA Corporation,2023-08-16,2023-08-17,1,flat,up,0.16324399562742437,0.31137555380280046,0.5253804505697749,0.5253804505697749,0.21400489676697443,True,False
NVIDIA Corporation,2023-08-17,2023-08-18,1,flat,up,0.15657919511187002,0.33693020664560946,0.5064905982425203,0.5064905982425203,0.16956039159691083,True,False
NVIDIA Corporation,2023-08-18,2023-08-21,1,up,up,0.14727105421148695,0.38459625019806487,0.46813269559044796,0.46813269559044796,0.08353644539238309,True,True
NVIDIA Corporation,2023-08-21,2023-08-22,1,flat,flat,0.11077253169545793,0.754672534725961,0.13455493357858087,0.13455493357858087,-0.6201176011473801,False,True
NVIDIA Corporation,2023-08-22,2023-08-23,1,flat,up,0.1025273142160318,0.3303312585675311,0.5671414272164369,0.5671414272164369,0.2368101686489058,True,False
NVIDIA Corporation,2023-08-23,2023-08-24,1,up,up,0.15169229403852258,0.23049554113200685,0.6178121648294702,0.6178121648294702,0.38731662369746334,True,True
NVIDIA Corporation,2023-08-24,2023-08-25,1,down,flat,0.11195366693108787,0.7445295149988271,0.14351681807008482,0.14351681807008482,-0.6010126969287424,False,False
NVIDIA Corporation,2023-08-25,2023-08-28,1,flat,flat,0.1647965903970099,0.7253978083862931,0.10980560121669683,0.1647965903970099,-0.5606012179892832,False,True
NVIDIA Corporation,2023-08-28,2023-08-29,1,up,flat,0.14008916475902766,0.5621044546755711,0.2978063805654011,0.2978063805654011,-0.26429807411017003,False,False
NVIDIA Corporation,2023-08-29,2023-08-30,1,up,up,0.11044004497506803,0.24235413037575743,0.6472058246491744,0.6472058246491744,0.404851694273417,True,True
NVIDIA Corporation,2023-08-30,2023-08-31,1,flat,flat,0.10899060061227628,0.5715275221124452,0.31948187727527844,0.31948187727527844,-0.25204564483716674,False,True
NVIDIA Corporation,2023-08-31,2023-09-01,1,flat,flat,0.10860435451782545,0.7684404051926286,0.1229552402895461,0.1229552402895461,-0.6454851649030825,False,True
NVIDIA Corporation,2023-09-01,2023-09-05,1,flat,up,0.1370280895682199,0.26406840733773845,0.5989035030940415,0.5989035030940415,0.33483509575630305,True,False
NVIDIA Corporation,2023-09-05,2023-09-06,1,flat,flat,0.26125230728987425,0.5973605112469061,0.1413871814632194,0.26125230728987425,-0.3361082039570319,False,True
NVIDIA Corporation,2023-09-06,2023-09-07,1,down,up,0.15640232380281724,0.2683919879338847,0.575205688263298,0.575205688263298,0.3068137003294133,True,False
NVIDIA Corporation,2023-09-07,2023-09-08,1,flat,up,0.14617486860111545,0.24233695344645323,0.6114881779524309,0.6114881779524309,0.3691512245059777,True,False
NVIDIA Corporation,2023-09-08,2023-09-11,1,flat,up,0.10035660228858496,0.2529467130753364,0.6466966846360783,0.6466966846360783,0.39374997156074193,True,False
NVIDIA Corporation,2023-09-11,2023-09-12,1,flat,up,0.12711237633422007,0.25249325782256493,0.6203943658432147,0.6203943658432147,0.3679011080206498,True,False
NVIDIA Corporation,2023-09-12,2023-09-13,1,flat,up,0.12034475845521476,0.21628101698075886,0.6633742245640264,0.6633742245640264,0.44709320758326754,True,False
NVIDIA Corporation,2023-09-13,2023-09-14,1,flat,up,0.10130342799192776,0.24885242324233553,0.6498441487657365,0.6498441487657365,0.40099172552340095,True,False
NVIDIA Corporation,2023-09-14,2023-09-15,1,down,up,0.09405041361757488,0.27770788921263645,0.6282416971697885,0.6282416971697885,0.35053380795715205,True,False
NVIDIA Corporation,2023-09-15,2023-09-18,1,down,up,0.22206761360125468,0.19896288049665445,0.5789695059020907,0.5789695059020907,0.3800066254054363,True,False
NVIDIA Corporation,2023-09-18,2023-09-19,1,flat,up,0.15111153393884072,0.26955606649333846,0.5793323995678207,0.5793323995678207,0.3097763330744822,True,False
NVIDIA Corporation,2023-09-19,2023-09-20,1,flat,up,0.0797749862063345,0.2433702305995566,0.6768547831941089,0.6768547831941089,0.43348455259455226,True,False
NVIDIA Corporation,2023-09-20,2023-09-21,1,down,up,0.1610474047536997,0.24122773562519426,0.5977248596211058,0.5977248596211058,0.3564971239959115,True,False
NVIDIA Corporation,2023-09-21,2023-09-22,1,flat,up,0.15082819793707478,0.2748018976904816,0.5743699043724434,0.5743699043724434,0.2995680066819618,True,False
NVIDIA Corporation,2023-09-22,2023-09-25,1,flat,up,0.09180628459801207,0.24183229256644634,0.6663614228355415,0.6663614228355415,0.4245291302690951,True,False
NVIDIA Corporation,2023-09-25,2023-09-26,1,flat,up,0.10298683626270173,0.25345756911098904,0.643555594626309,0.643555594626309,0.3900980255153199,True,False
NVIDIA Corporation,2023-09-26,2023-09-27,1,flat,up,0.13404777398815948,0.26929655813523634,0.596655667876604,0.596655667876604,0.3273591097413676,True,False
NVIDIA Corporation,2023-09-27,2023-09-28,1,flat,up,0.1352667116039618,0.24286334537970133,0.6218699430163366,0.6218699430163366,0.37900659763663525,True,False
NVIDIA Corporation,2023-09-28,2023-09-29,1,up,up,0.11900132569223758,0.2620209114839549,0.6189777628238073,0.6189777628238073,0.35695685133985244,True,True
NVIDIA Corporation,2023-09-29,2023-10-02,1,flat,up,0.10435388506261054,0.2768916168551194,0.6187544980822698,0.6187544980822698,0.34186288122715036,True,False
NVIDIA Corporation,2023-10-02,2023-10-03,1,flat,up,0.09139507041687137,0.27887517070482665,0.6297297588783017,0.6297297588783017,0.3508545881734751,True,False
NVIDIA Corporation,2023-10-03,2023-10-04,1,flat,up,0.14605440488794047,0.2455788670025035,0.6083667281095558,0.6083667281095558,0.3627878611070523,True,False
NVIDIA Corporation,2023-10-04,2023-10-05,1,flat,up,0.16895376955090494,0.21615664169039073,0.6148895887587043,0.6148895887587043,0.3987329470683135,True,False
NVIDIA Corporation,2023-10-05,2023-10-06,1,flat,up,0.09669045291489806,0.2639823061179017,0.6393272409672002,0.6393272409672002,0.3753449348492985,True,False
NVIDIA Corporation,2023-10-06,2023-10-09,1,flat,up,0.09568749014893262,0.2615774798191754,0.6427350300318919,0.6427350300318919,0.3811575502127165,True,False
NVIDIA Corporation,2023-10-09,2023-10-10,1,flat,up,0.1400865185276682,0.22473361691605856,0.6351798645562731,0.6351798645562731,0.41044624764021453,True,False
NVIDIA Corporation,2023-10-10,2023-10-11,1,up,up,0.09090536044903598,0.2678176354658691,0.6412770040850947,0.6412770040850947,0.3734593686192256,True,True
NVIDIA Corporation,2023-10-11,2023-10-12,1,flat,up,0.09414515302480816,0.2849134099906345,0.6209414369845571,0.6209414369845571,0.33602802699392254,True,False
NVIDIA Corporation,2023-10-12,2023-10-13,1,down,up,0.0903715851066133,0.26246567441688873,0.6471627404764979,0.6471627404764979,0.3846970660596092,True,False
NVIDIA Corporation,2023-10-13,2023-10-16,1,flat,up,0.19384089138330998,0.19816470361713698,0.6079944049995529,0.6079944049995529,0.4098297013824159,True,False
NVIDIA Corporation,2023-10-16,2023-10-17,1,down,up,0.1964840571802294,0.18824622895738452,0.6152697138623862,0.6152697138623862,0.42702348490500164,True,False
NVIDIA Corporation,2023-10-17,2023-10-18,1,down,up,0.15691774324846303,0.25414785340837753,0.5889344033431593,0.5889344033431593,0.33478654993478174,True,False
NVIDIA Corporation,2023-10-18,2023-10-19,1,flat,up,0.10277497287599756,0.308908102847404,0.5883169242765983,0.5883169242765983,0.2794088214291943,True,False
NVIDIA Corporation,2023-10-19,2023-10-20,1,down,up,0.1034540046753011,0.23390266020308628,0.6626433351216124,0.6626433351216124,0.4287406749185262,True,False
NVIDIA Corporation,2023-10-20,2023-10-23,1,flat,up,0.1288815522789898,0.27834716930993725,0.5927712784110728,0.5927712784110728,0.31442410910113555,True,False
NVIDIA Corporation,2023-10-23,2023-10-24,1,up,up,0.0982078292532808,0.2372510740841544,0.6645410966625647,0.6645410966625647,0.42729002257841026,True,True
NVIDIA Corporation,2023-10-24,2023-10-25,1,flat,up,0.1037706449030632,0.2670331696515877,0.629196185445349,0.629196185445349,0.36216301579376137,True,False
NVIDIA Corporation,2023-10-25,2023-10-26,1,down,flat,0.1959313065765353,0.7155165851999995,0.08855210822346513,0.1959313065765353,-0.5195852786234643,False,False
NVIDIA Corporation,2023-10-26,2023-10-27,1,flat,up,0.19999923789682394,0.3739261205006932,0.4260746416024828,0.4260746416024828,0.052148521101789636,True,False
NVIDIA Corporation,2023-10-27,2023-10-30,1,flat,up,0.15129875531447723,0.23172381275576945,0.6169774319297531,0.6169774319297531,0.3852536191739836,True,False
NVIDIA Corporation,2023-10-30,2023-10-31,1,flat,up,0.09661592357958394,0.40129181814070536,0.5020922582797105,0.5020922582797105,0.10080044013900513,True,False
NVIDIA Corporation,2023-10-31,2023-11-01,1,up,up,0.17582059294310473,0.2571221115620679,0.5670572954948272,0.5670572954948272,0.3099351839327593,True,True
NVIDIA Corporation,2023-11-01,2023-11-02,1,up,up,0.11246816214617769,0.2121001354356905,0.6754317024181319,0.6754317024181319,0.4633315669824414,True,True
NVIDIA Corporation,2023-11-02,2023-11-03,1,up,flat,0.09670726758666871,0.7829756880212828,0.1203170443920483,0.1203170443920483,-0.6626586436292345,False,False
NVIDIA Corporation,2023-11-03,2023-11-06,1,flat,flat,0.07941256301640665,0.8310140570616975,0.08957337992189567,0.08957337992189567,-0.7414406771398019,False,True
NVIDIA Corporation,2023-11-06,2023-11-07,1,flat,flat,0.07996974064159919,0.7227681322468711,0.19726212711152952,0.19726212711152952,-0.5255060051353415,False,True
NVIDIA Corporation,2023-11-07,2023-11-08,1,flat,up,0.11612224992636071,0.3177382772198611,0.5661394728537781,0.5661394728537781,0.248401195633917,True,False
NVIDIA Corporation,2023-11-08,2023-11-09,1,up,up,0.10526357692391701,0.3263661189317007,0.5683703041443822,0.5683703041443822,0.24200418521268147,True,True
NVIDIA Corporation,2023-11-09,2023-11-10,1,flat,up,0.10152197293147193,0.2693768171159283,0.6291012099525995,0.6291012099525995,0.35972439283667124,True,False
NVIDIA Corporation,2023-11-10,2023-11-13,1,flat,up,0.08869240335712467,0.3010737195128428,0.6102338771300324,0.6102338771300324,0.3091601576171896,True,False
NVIDIA Corporation,2023-11-13,2023-11-14,1,up,up,0.07794154795337148,0.32351173019418156,0.5985467218524467,0.5985467218524467,0.27503499165826517,True,True
NVIDIA Corporation,2023-11-14,2023-11-15,1,flat,up,0.0932366243642037,0.2918506986349767,0.6149126770008194,0.6149126770008194,0.3230619783658427,True,False
NVIDIA Corporation,2023-11-15,2023-11-16,1,flat,up,0.14013443621365979,0.24452547445134634,0.6153400893349936,0.6153400893349936,0.3708146148836473,True,False
NVIDIA Corporation,2023-11-16,2023-11-17,1,flat,up,0.13660682705048277,0.22635907711588316,0.637034095833634,0.637034095833634,0.41067501871775086,True,False
NVIDIA Corporation,2023-11-17,2023-11-20,1,flat,up,0.08761545172537098,0.2807970823595701,0.6315874659150588,0.6315874659150588,0.35079038355548864,True,False
NVIDIA Corporation,2023-11-20,2023-11-21,1,flat,up,0.10121028325229366,0.2613821731723165,0.6374075435753896,0.6374075435753896,0.37602537040307316,True,False
NVIDIA Corporation,2023-11-21,2023-11-22,1,down,up,0.13704937026028513,0.22942450299894143,0.6335261267407735,0.6335261267407735,0.404101623741832,True,False
NVIDIA Corporation,2023-11-22,2023-11-24,1,down,up,0.17079004178039717,0.1993678169758291,0.6298421412437736,0.6298421412437736,0.4304743242679445,True,False
NVIDIA Corporation,2023-11-24,2023-11-27,1,flat,up,0.13274588392189307,0.1976803172825771,0.6695737987955297,0.6695737987955297,0.47189348151295263,True,False
NVIDIA Corporation,2023-11-27,2023-11-28,1,flat,up,0.16502095116921794,0.19200409657767117,0.6429749522531107,0.6429749522531107,0.4509708556754396,True,False
NVIDIA Corporation,2023-11-28,2023-11-29,1,flat,up,0.14690039078110972,0.19254940282403168,0.6605502063948585,0.6605502063948585,0.46800080357082685,True,False
NVIDIA Corporation,2023-11-29,2023-11-30,1,down,up,0.11149288848125737,0.22198728571362975,0.6665198258051127,0.6665198258051127,0.44453254009148296,True,False
NVIDIA Corporation,2023-11-30,2023-12-01,1,down,up,0.22697491817908472,0.19164721486906275,0.5813778669518526,0.5813778669518526,0.3897306520827898,True,False
NVIDIA Corporation,2023-12-01,2023-12-04,1,down,up,0.16745055031993486,0.19500071538983205,0.637548734290233,0.637548734290233,0.4425480189004009,True,False
NVIDIA Corporation,2023-12-04,2023-12-05,1,flat,up,0.1524955460371899,0.27329100240845366,0.5742134515543562,0.5742134515543562,0.30092244914590255,True,False
NVIDIA Corporation,2023-12-05,2023-12-06,1,flat,up,0.10044072305646473,0.19680520211659094,0.7027540748269443,0.7027540748269443,0.5059488727103534,True,False
NVIDIA Corporation,2023-12-06,2023-12-07,1,flat,up,0.10026115347688266,0.21157969418010428,0.6881591523430131,0.6881591523430131,0.4765794581629088,True,False
NVIDIA Corporation,2023-12-07,2023-12-08,1,up,up,0.1747184655194643,0.21166914613016694,0.6136123883503686,0.6136123883503686,0.4019432422202016,True,True
NVIDIA Corporation,2023-12-08,2023-12-11,1,flat,up,0.1231199865512867,0.25675972769741745,0.6201202857512957,0.6201202857512957,0.3633605580538783,True,False
NVIDIA Corporation,2023-12-11,2023-12-12,1,flat,up,0.15286013094208903,0.23152080939780034,0.6156190596601104,0.6156190596601104,0.3840982502623101,True,False
NVIDIA Corporation,2023-12-12,2023-12-13,1,up,up,0.13597899133447158,0.22999202768900073,0.6340289809765278,0.6340289809765278,0.4040369532875271,True,True
NVIDIA Corporation,2023-12-13,2023-12-14,1,flat,up,0.11194922119295363,0.23951998266237345,0.6485307961446728,0.6485307961446728,0.40901081348229934,True,False
NVIDIA Corporation,2023-12-14,2023-12-15,1,flat,up,0.12157931867824112,0.24302167449970893,0.6353990068220499,0.6353990068220499,0.39237733232234095,True,False
NVIDIA Corporation,2023-12-15,2023-12-18,1,up,up,0.10829956415158676,0.2597324276987705,0.6319680081496426,0.6319680081496426,0.37223558045087213,True,True
NVIDIA Corporation,2023-12-18,2023-12-19,1,flat,up,0.10838166815338969,0.2632783564071694,0.6283399754394409,0.6283399754394409,0.36506161903227147,True,False
NVIDIA Corporation,2023-12-19,2023-12-20,1,flat,up,0.16830325976636315,0.2294976366792091,0.6021991035544276,0.6021991035544276,0.37270146687521855,True,False
NVIDIA Corporation,2023-12-20,2023-12-21,1,flat,up,0.19844333456298743,0.19404752011982007,0.6075091453171926,0.6075091453171926,0.4134616251973725,True,False
NVIDIA Corporation,2023-12-21,2023-12-22,1,flat,up,0.14345449376516461,0.20114271383877988,0.6554027923960553,0.6554027923960553,0.45426007855727535,True,False
NVIDIA Corporation,2023-12-22,2023-12-26,1,flat,up,0.10940130663932857,0.20580301277192256,0.6847956805887488,0.6847956805887488,0.47899266781682626,True,False
NVIDIA Corporation,2023-12-26,2023-12-27,1,flat,up,0.11165952790696508,0.2430382642931298,0.645302207799905,0.645302207799905,0.4022639435067752,True,False
NVIDIA Corporation,2023-12-27,2023-12-28,1,flat,up,0.12103226637015324,0.2552763294097384,0.623691404220108,0.623691404220108,0.36841507481036967,True,False
NVIDIA Corporation,2023-12-28,2023-12-29,1,flat,up,0.11848076805322094,0.2671155890223074,0.6144036429244712,0.6144036429244712,0.34728805390216383,True,False
NVIDIA Corporation,2023-12-29,2024-01-02,1,down,up,0.15658779988331992,0.24354390771993015,0.5998682923967499,0.5998682923967499,0.3563243846768197,True,False
NVIDIA Corporation,2024-01-02,2024-01-03,1,down,up,0.2067449077248649,0.20773403545497737,0.5855210568201579,0.5855210568201579,0.3777870213651805,True,False
NVIDIA Corporation,2024-01-03,2024-01-04,1,flat,up,0.1633233949287596,0.207041628563062,0.6296349765081783,0.6296349765081783,0.4225933479451164,True,False
NVIDIA Corporation,2024-01-04,2024-01-05,1,up,up,0.10366066541022391,0.19893651906980803,0.6974028155199681,0.6974028155199681,0.49846629645016005,True,True
NVIDIA Corporation,2024-01-05,2024-01-08,1,up,up,0.12796037176567251,0.22693158665224522,0.645108041582082,0.645108041582082,0.4181764549298368,True,True
NVIDIA Corporation,2024-01-08,2024-01-09,1,up,up,0.11643537593304161,0.21187509573017083,0.6716895283367875,0.6716895283367875,0.4598144326066167,True,True
NVIDIA Corporation,2024-01-09,2024-01-10,1,up,up,0.1357094720724304,0.2545773676021005,0.6097131603254687,0.6097131603254687,0.35513579272336826,True,True
NVIDIA Corporation,2024-01-10,2024-01-11,1,flat,up,0.11597159557490407,0.28130443049241066,0.6027239739326851,0.6027239739326851,0.3214195434402744,True,False
NVIDIA Corporation,2024-01-11,2024-01-12,1,flat,up,0.10537001036588614,0.3037623318345104,0.5908676577996033,0.5908676577996033,0.28710532596509286,True,False
NVIDIA Corporation,2024-01-12,2024-01-16,1,up,up,0.12782259002774957,0.29273003221328847,0.5794473777589619,0.5794473777589619,0.28671734554567346,True,True
NVIDIA Corporation,2024-01-16,2024-01-17,1,flat,up,0.1112884940842994,0.3028730028769388,0.5858385030387615,0.5858385030387615,0.2829655001618227,True,False
NVIDIA Corporation,2024-01-17,2024-01-18,1,up,up,0.12583927165268016,0.26308386490000907,0.6110768634473105,0.6110768634473105,0.3479929985473014,True,True
NVIDIA Corporation,2024-01-18,2024-01-19,1,up,up,0.12635643446649486,0.2567120546635614,0.6169315108699437,0.6169315108699437,0.3602194562063823,True,True
NVIDIA Corporation,2024-01-19,2024-01-22,1,up,up,0.14834847670971088,0.2407492241592252,0.6109022991310639,0.6109022991310639,0.3701530749718387,True,True
NVIDIA Corporation,2024-01-22,2024-01-23,1,flat,up,0.11040518813839903,0.3037453982325252,0.5858494136290756,0.5858494136290756,0.2821040153965504,True,False
NVIDIA Corporation,2024-01-23,2024-01-24,1,up,up,0.13236675901578301,0.27356183880464063,0.5940714021795762,0.5940714021795762,0.3205095633749356,True,True
NVIDIA Corporation,2024-01-24,2024-01-25,1,flat,up,0.15125129885962782,0.25035758746382786,0.5983911136765441,0.5983911136765441,0.3480335262127162,True,False
NVIDIA Corporation,2024-01-25,2024-01-26,1,flat,up,0.1117096546163043,0.30402311969461515,0.5842672256890804,0.5842672256890804,0.28024410599446525,True,False
NVIDIA Corporation,2024-01-26,2024-01-29,1,flat,up,0.17542962480860663,0.20720505589094612,0.6173653193004471,0.6173653193004471,0.410160263409501,True,False
NVIDIA Corporation,2024-01-29,2024-01-30,1,up,up,0.09500473960331557,0.306482895385177,0.5985123650115073,0.5985123650115073,0.2920294696263303,True,True
NVIDIA Corporation,2024-01-30,2024-01-31,1,down,up,0.11319633752688066,0.29666798391132715,0.590135678561792,0.590135678561792,0.2934676946504649,True,False
NVIDIA Corporation,2024-01-31,2024-02-01,1,flat,up,0.20839113486822283,0.19082600756214224,0.600782857569635,0.600782857569635,0.40995685000749277,True,False
NVIDIA Corporation,2024-02-01,2024-02-02,1,up,up,0.0996420658655366,0.28439643040791845,0.6159615037265447,0.6159615037265447,0.3315650733186262,True,True
NVIDIA Corporation,2024-02-02,2024-02-05,1,up,up,0.11025734502422967,0.30389165776996746,0.5858509972058028,0.5858509972058028,0.28195933943583534,True,True
NVIDIA Corporation,2024-02-05,2024-02-06,1,flat,up,0.1867169253603782,0.2681705527592612,0.5451125218803602,0.5451125218803602,0.276941969121099,True,False
NVIDIA Corporation,2024-02-06,2024-02-07,1,flat,up,0.15314146349128693,0.24331158067044792,0.6035469558382649,0.6035469558382649,0.360235375167817,True,False
NVIDIA Corporation,2024-02-07,2024-02-08,1,flat,up,0.13042308095084437,0.2901467614855131,0.5794301575636425,0.5794301575636425,0.28928339607812936,True,False
NVIDIA Corporation,2024-02-08,2024-02-09,1,up,up,0.31169256531215705,0.28062454604058856,0.4076828886472541,0.4076828886472541,0.12705834260666554,True,True
NVIDIA Corporation,2024-02-09,2024-02-12,1,up,up,0.13463457027430628,0.2943627943409244,0.5710026353847691,0.5710026353847691,0.27663984104384476,True,True
NVIDIA Corporation,2024-02-12,2024-02-13,1,down,up,0.14849607119452468,0.24292291686570477,0.6085810119397703,0.6085810119397703,0.36565809507406555,True,False
NVIDIA Corporation,2024-02-13,2024-02-14,1,up,up,0.16229987963103015,0.2173456670855391,0.6203544532834305,0.6203544532834305,0.40300878619789143,True,True
NVIDIA Corporation,2024-02-14,2024-02-15,1,flat,up,0.11050416849331668,0.2737355048014404,0.6157603267052428,0.6157603267052428,0.34202482190380246,True,False
NVIDIA Corporation,2024-02-15,2024-02-16,1,flat,up,0.15160544661957548,0.25061698815309513,0.5977775652273293,0.5977775652273293,0.34716057707423414,True,False
NVIDIA Corporation,2024-02-16,2024-02-20,1,down,up,0.1402864850539336,0.26587738376858194,0.5938361311774843,0.5938361311774843,0.3279587474089024,True,False
NVIDIA Corporation,2024-02-20,2024-02-21,1,down,up,0.20708685973498206,0.22680322416050125,0.5661099161045166,0.5661099161045166,0.3393066919440153,True,False
NVIDIA Corporation,2024-02-21,2024-02-22,1,up,up,0.13807566325827889,0.28595939455735775,0.5759649421843631,0.5759649421843631,0.29000554762700537,True,True
NVIDIA Corporation,2024-02-22,2024-02-23,1,up,flat,0.11176849910505668,0.7441246152955939,0.14410688559934917,0.14410688559934917,-0.6000177296962448,False,False
NVIDIA Corporation,2024-02-23,2024-02-26,1,flat,flat,0.10840551125763379,0.8067623562752599,0.08483213246710619,0.10840551125763379,-0.6983568450176262,False,True
NVIDIA Corporation,2024-02-26,2024-02-27,1,flat,flat,0.1131183916345063,0.7742297888245459,0.11265181954094765,0.1131183916345063,-0.6611113971900395,False,True
NVIDIA Corporation,2024-02-27,2024-02-28,1,flat,flat,0.16248977133002682,0.7372641081996455,0.1002461204703275,0.16248977133002682,-0.5747743368696187,False,True
NVIDIA Corporation,2024-02-28,2024-02-29,1,flat,flat,0.14598186086321852,0.744063224214546,0.10995491492223543,0.14598186086321852,-0.5980813633513274,False,True
NVIDIA Corporation,2024-02-29,2024-03-01,1,flat,flat,0.09509612325235753,0.7744162569339348,0.1304876198137073,0.1304876198137073,-0.6439286371202275,False,True
NVIDIA Corporation,2024-03-01,2024-03-04,1,up,up,0.10674509202608183,0.2857989562202846,0.6074559517536334,0.6074559517536334,0.3216569955333488,True,True
NVIDIA Corporation,2024-03-04,2024-03-05,1,flat,up,0.10491104697435095,0.31270009345846256,0.5823888595671863,0.5823888595671863,0.2696887661087238,True,False
NVIDIA Corporation,2024-03-05,2024-03-06,1,up,flat,0.10740261222144695,0.8083544901519272,0.08424289762662568,0.10740261222144695,-0.7009518779304802,False,False
NVIDIA Corporation,2024-03-06,2024-03-07,1,up,flat,0.11640540409990772,0.8224676736560296,0.061126922244062604,0.11640540409990772,-0.7060622695561218,False,False
NVIDIA Corporation,2024-03-07,2024-03-08,1,flat,flat,0.13540816654008697,0.8004065143064036,0.06418531915350921,0.13540816654008697,-0.6649983477663166,False,True
NVIDIA Corporation,2024-03-08,2024-03-11,1,down,flat,0.16744681233865882,0.7418788405605403,0.09067434710080059,0.16744681233865882,-0.5744320282218816,False,False
NVIDIA Corporation,2024-03-11,2024-03-12,1,up,up,0.1396702732410865,0.4194040483687338,0.44092567839017954,0.44092567839017954,0.021521630021445748,True,True
NVIDIA Corporation,2024-03-12,2024-03-13,1,flat,flat,0.09510000211635504,0.6822872089338702,0.22261278894977476,0.22261278894977476,-0.4596744199840954,False,True
NVIDIA Corporation,2024-03-13,2024-03-14,1,flat,flat,0.10054537035673101,0.7622642213773536,0.1371904082659153,0.1371904082659153,-0.6250738131114383,False,True
NVIDIA Corporation,2024-03-14,2024-03-15,1,flat,up,0.21259244026658045,0.17765207795195215,0.6097554817814673,0.6097554817814673,0.4321034038295152,True,False
NVIDIA Corporation,2024-03-15,2024-03-18,1,flat,up,0.16574058743653622,0.24042087555585917,0.5938385370076045,0.5938385370076045,0.3534176614517453,True,False
NVIDIA Corporation,2024-03-18,2024-03-19,1,flat,flat,0.099924115986989,0.7573812182950428,0.14269466571796813,0.14269466571796813,-0.6146865525770746,False,True
NVIDIA Corporation,2024-03-19,2024-03-20,1,flat,flat,0.19098019707017322,0.7154477418772106,0.09357206105261603,0.19098019707017322,-0.5244675448070374,False,True
NVIDIA Corporation,2024-03-20,2024-03-21,1,flat,flat,0.10620241507355327,0.761320784343323,0.13247680058312358,0.13247680058312358,-0.6288439837601993,False,True
NVIDIA Corporation,2024-03-21,2024-03-22,1,flat,flat,0.08943808524343229,0.8029067621484711,0.1076551526080964,0.1076551526080964,-0.6952516095403747,False,True
NVIDIA Corporation,2024-03-22,2024-03-25,1,flat,flat,0.09133158655005934,0.7937308235381105,0.1149375899118299,0.1149375899118299,-0.6787932336262806,False,True
NVIDIA Corporation,2024-03-25,2024-03-26,1,flat,flat,0.09729821920971682,0.7979541343211591,0.10474764646912388,0.10474764646912388,-0.6932064878520352,False,True
NVIDIA Corporation,2024-03-26,2024-03-27,1,down,flat,0.12914034781801073,0.7631322455152122,0.10772740666677688,0.12914034781801073,-0.6339918976972014,False,False
NVIDIA Corporation,2024-03-27,2024-03-28,1,flat,flat,0.1721160951076726,0.7322144136640997,0.09566949122822786,0.1721160951076726,-0.5600983185564271,False,True
NVIDIA Corporation,2024-03-28,2024-04-01,1,flat,up,0.14376004402656728,0.2316072531027895,0.6246327028706431,0.6246327028706431,0.3930254497678536,True,False
NVIDIA Corporation,2024-04-01,2024-04-02,1,flat,up,0.10574549225169949,0.23098644151711517,0.6632680662311852,0.6632680662311852,0.43228162471407,True,False
NVIDIA Corporation,2024-04-02,2024-04-03,1,flat,up,0.16027327907386493,0.22964256171212716,0.6100841592140078,0.6100841592140078,0.38044159750188067,True,False
NVIDIA Corporation,2024-04-03,2024-04-04,1,flat,up,0.09047550261079745,0.2359367899196413,0.6735877074695611,0.6735877074695611,0.4376509175499198,True,False
NVIDIA Corporation,2024-04-04,2024-04-05,1,flat,up,0.1792903617355609,0.21575504135802936,0.6049545969064096,0.6049545969064096,0.38919955554838026,True,False
NVIDIA Corporation,2024-04-05,2024-04-08,1,flat,up,0.1834607996083063,0.20693757993938866,0.6096016204523049,0.6096016204523049,0.40266404051291627,True,False
NVIDIA Corporation,2024-04-08,2024-04-09,1,down,up,0.08744174747916354,0.2379716861773762,0.67458656634346,0.67458656634346,0.43661488016608385,True,False
NVIDIA Corporation,2024-04-09,2024-04-10,1,flat,up,0.19235644182803288,0.23094943259591866,0.5766941255760482,0.5766941255760482,0.3457446929801295,True,False
NVIDIA Corporation,2024-04-10,2024-04-11,1,up,up,0.14343640270219213,0.1985805460004817,0.6579830512973259,0.6579830512973259,0.45940250529684423,True,True
NVIDIA Corporation,2024-04-11,2024-04-12,1,flat,up,0.11246771677544778,0.230818586565825,0.6567136966587271,0.6567136966587271,0.42589511009290215,True,False
NVIDIA Corporation,2024-04-12,2024-04-15,1,flat,up,0.13208310755600175,0.2582487672800326,0.6096681251639655,0.6096681251639655,0.3514193578839329,True,False
NVIDIA Corporation,2024-04-15,2024-04-16,1,flat,up,0.20824098950708017,0.20292220294131194,0.5888368075516077,0.5888368075516077,0.3859146046102958,True,False
NVIDIA Corporation,2024-04-16,2024-04-17,1,flat,up,0.16845081532416153,0.20503255444449056,0.6265166302313478,0.6265166302313478,0.4214840757868573,True,False
NVIDIA Corporation,2024-04-17,2024-04-18,1,down,up,0.17453894355660451,0.22787726747058895,0.5975837889728064,0.5975837889728064,0.36970652150221744,True,False
NVIDIA Corporation,2024-04-18,2024-04-19,1,down,up,0.14204381614728467,0.2551324441992461,0.6028237396534692,0.6028237396534692,0.34769129545422317,True,False
NVIDIA Corporation,2024-04-19,2024-04-22,1,flat,up,0.15607415738636163,0.2683926189364914,0.5755332236771467,0.5755332236771467,0.30714060474065524,True,False
NVIDIA Corporation,2024-04-22,2024-04-23,1,up,up,0.11328319192553185,0.2844329359767718,0.6022838720976963,0.6022838720976963,0.3178509361209245,True,True
NVIDIA Corporation,2024-04-23,2024-04-24,1,flat,flat,0.08506146574557849,0.7256810058758489,0.18925752837857265,0.18925752837857265,-0.5364234774972763,False,True
NVIDIA Corporation,2024-04-24,2024-04-25,1,flat,flat,0.1244096798549504,0.7437940749405391,0.13179624520451036,0.13179624520451036,-0.6119978297360287,False,True
NVIDIA Corporation,2024-04-25,2024-04-26,1,up,flat,0.18950504084872166,0.6996158909960106,0.11087906815526764,0.18950504084872166,-0.510110850147289,False,False
NVIDIA Corporation,2024-04-26,2024-04-29,1,flat,flat,0.11656513939422762,0.7512141290354206,0.13222073157035152,0.13222073157035152,-0.6189933974650691,False,True
NVIDIA Corporation,2024-04-29,2024-04-30,1,flat,flat,0.07810806804708521,0.823357843283409,0.09853408866950568,0.09853408866950568,-0.7248237546139034,False,True
NVIDIA Corporation,2024-04-30,2024-05-01,1,down,flat,0.10043586284154794,0.8112273611726882,0.08833677598576367,0.10043586284154794,-0.7107914983311403,False,False
NVIDIA Corporation,2024-05-01,2024-05-02,1,flat,up,0.17594803652712904,0.29418244640096175,0.5298695170719091,0.5298695170719091,0.23568707067094735,True,False
NVIDIA Corporation,2024-05-02,2024-05-03,1,up,flat,0.0728447585141586,0.7755921426140266,0.15156309887181452,0.15156309887181452,-0.6240290437422121,False,False
NVIDIA Corporation,2024-05-03,2024-05-06,1,flat,flat,0.09637878857336377,0.7845777978305729,0.1190434135960632,0.1190434135960632,-0.6655343842345097,False,True
NVIDIA Corporation,2024-05-06,2024-05-07,1,flat,up,0.08710695089283599,0.32640813147555475,0.5864849176316091,0.5864849176316091,0.2600767861560544,True,False
NVIDIA Corporation,2024-05-07,2024-05-08,1,flat,flat,0.11398070449710836,0.7556877355324642,0.13033155997042742,0.13033155997042742,-0.6253561755620367,False,True
NVIDIA Corporation,2024-05-08,2024-05-09,1,flat,flat,0.12662869772822455,0.758013522755679,0.11535777951609623,0.12662869772822455,-0.6313848250274545,False,True
NVIDIA Corporation,2024-05-09,2024-05-10,1,flat,flat,0.1279835192858372,0.7268243511754306,0.145192129538732,0.145192129538732,-0.5816322216366987,False,True
NVIDIA Corporation,2024-05-10,2024-05-13,1,flat,up,0.09860421161888866,0.2548466110184518,0.6465491773626595,0.6465491773626595,0.3917025663442077,True,False
NVIDIA Corporation,2024-05-13,2024-05-14,1,flat,up,0.11950882077016767,0.23885529167461642,0.641635887555216,0.641635887555216,0.40278059588059956,True,False
NVIDIA Corporation,2024-05-14,2024-05-15,1,up,up,0.11835320512733216,0.2528678818000452,0.6287789130726225,0.6287789130726225,0.37591103127257725,True,True
NVIDIA Corporation,2024-05-15,2024-05-16,1,flat,up,0.10835155844105077,0.2661109225300978,0.6255375190288511,0.6255375190288511,0.3594265964987533,True,False
NVIDIA Corporation,2024-05-16,2024-05-17,1,flat,up,0.08826384530040521,0.3233611255530857,0.5883750291465089,0.5883750291465089,0.26501390359342314,True,False
NVIDIA Corporation,2024-05-17,2024-05-20,1,flat,up,0.17773052897828132,0.21628907233197048,0.6059803986897481,0.6059803986897481,0.3896913263577776,True,False
NVIDIA Corporation,2024-05-20,2024-05-21,1,flat,up,0.07938939751035166,0.293180479401187,0.6274301230884612,0.6274301230884612,0.3342496436872742,True,False
NVIDIA Corporation,2024-05-21,2024-05-22,1,flat,up,0.11934912721142837,0.2478956479051549,0.6327552248834166,0.6327552248834166,0.38485957697826173,True,False
NVIDIA Corporation,2024-05-22,2024-05-23,1,up,up,0.1215552616895179,0.23307761202306285,0.6453671262874192,0.6453671262874192,0.41228951426435634,True,True
NVIDIA Corporation,2024-05-23,2024-05-24,1,flat,up,0.11968370127078776,0.2855313613443519,0.59478493738486,0.59478493738486,0.3092535760405081,True,False
NVIDIA Corporation,2024-05-24,2024-05-28,1,down,up,0.10407974425131841,0.31269712084072665,0.5832231349079549,0.5832231349079549,0.2705260140672282,True,False
NVIDIA Corporation,2024-05-28,2024-05-29,1,flat,flat,0.17539972376129037,0.7456975787718417,0.07890269746686768,0.17539972376129037,-0.5702978550105513,False,True
NVIDIA Corporation,2024-05-29,2024-05-30,1,flat,flat,0.09841566885885729,0.7580245666801386,0.14355976446100377,0.14355976446100377,-0.6144648022191348,False,True
NVIDIA Corporation,2024-05-30,2024-05-31,1,flat,flat,0.12063015033480452,0.779906068330498,0.09946378133469706,0.12063015033480452,-0.6592759179956935,False,True
NVIDIA Corporation,2024-05-31,2024-06-03,1,flat,flat,0.13672616662123535,0.7752016247264952,0.0880722086522691,0.13672616662123535,-0.6384754581052599,False,True
NVIDIA Corporation,2024-06-03,2024-06-04,1,flat,flat,0.09707268854038033,0.7615265784951377,0.1414007329644818,0.1414007329644818,-0.620125845530656,False,True
NVIDIA Corporation,2024-06-04,2024-06-05,1,flat,flat,0.09216091003451732,0.7640910414843308,0.1437480484811518,0.1437480484811518,-0.620342993003179,False,True
NVIDIA Corporation,2024-06-05,2024-06-06,1,flat,flat,0.10102555165108544,0.757457973969482,0.1415164743794324,0.1415164743794324,-0.6159414995900496,False,True
NVIDIA Corporation,2024-06-06,2024-06-07,1,flat,flat,0.10374981467268446,0.7522765578924371,0.1439736274348782,0.1439736274348782,-0.6083029304575589,False,True
NVIDIA Corporation,2024-06-07,2024-06-10,1,flat,flat,0.14328089414538325,0.7223647319358487,0.1343543739187678,0.14328089414538325,-0.5790838377904655,False,True
NVIDIA Corporation,2024-06-10,2024-06-11,1,flat,flat,0.10360079012286408,0.823983853525834,0.07241535635130164,0.10360079012286408,-0.72038306340297,False,True
NVIDIA Corporation,2024-06-11,2024-06-12,1,flat,flat,0.12484590371081067,0.7499098766013949,0.12524421968779434,0.12524421968779434,-0.6246656569136005,False,True
NVIDIA Corporation,2024-06-12,2024-06-13,1,flat,flat,0.09619047609120276,0.809236487012707,0.09457303689609013,0.09619047609120276,-0.7130460109215042,False,True
NVIDIA Corporation,2024-06-13,2024-06-14,1,flat,flat,0.0977011428968728,0.7893032188240139,0.11299563827911323,0.11299563827911323,-0.6763075805449007,False,True
NVIDIA Corporation,2024-06-14,2024-06-15,1,flat,flat,0.0950611490503517,0.8220412346081116,0.08289761634153654,0.0950611490503517,-0.72698008555776,False,True
"Tesla, Inc.",2021-09-03,2021-09-07,1,up,flat,0.30860844809300425,0.4472284857830221,0.2441630661239738,0.30860844809300425,-0.13862003769001785,False,False
"Tesla, Inc.",2021-09-07,2021-09-08,1,flat,flat,0.2572741707378786,0.39477207279679305,0.34795375646532833,0.34795375646532833,-0.046818316331464715,False,True
"Tesla, Inc.",2021-09-08,2021-09-09,1,flat,flat,0.29134614860021346,0.41881138430550807,0.2898424670942786,0.29134614860021346,-0.1274652357052946,False,True
"Tesla, Inc.",2021-09-09,2021-09-10,1,flat,flat,0.28603240600095303,0.44824337696847993,0.265724217030567,0.28603240600095303,-0.1622109709675269,False,True
"Tesla, Inc.",2021-09-10,2021-09-13,1,down,flat,0.32186983988163476,0.4386413576736348,0.23948880244473034,0.32186983988163476,-0.11677151779200007,False,False
"Tesla, Inc.",2021-09-13,2021-09-14,1,flat,down,0.41584804750315363,0.3648066106112995,0.21934534188554697,0.41584804750315363,0.05104143689185414,True,False
"Tesla, Inc.",2021-09-14,2021-09-15,1,flat,down,0.36281857111137883,0.3424666503780607,0.29471477851056044,0.36281857111137883,0.020351920733318152,True,False
"Tesla, Inc.",2021-09-15,2021-09-16,1,flat,down,0.37912624902341147,0.3662166011134923,0.2546571498630963,0.37912624902341147,0.012909647909919164,True,False
"Tesla, Inc.",2021-09-16,2021-09-17,1,flat,flat,0.3648884725811119,0.3904221085935139,0.24468941882537432,0.3648884725811119,-0.025533636012401995,False,True
"Tesla, Inc.",2021-09-17,2021-09-20,1,down,down,0.3694180518387618,0.30500027214700165,0.32558167601423654,0.3694180518387618,0.06441777969176016,True,True
"Tesla, Inc.",2021-09-20,2021-09-21,1,flat,down,0.45323741835217424,0.3536037808429758,0.19315880080485004,0.45323741835217424,0.09963363750919846,True,False
"Tesla, Inc.",2021-09-21,2021-09-22,1,flat,down,0.3687342551707906,0.3578095154514534,0.273456229377756,0.3687342551707906,0.010924739719337218,True,False
"Tesla, Inc.",2021-09-22,2021-09-23,1,flat,down,0.3898543104249331,0.3411105477190576,0.26903514185600946,0.3898543104249331,0.04874376270587555,True,False
"Tesla, Inc.",2021-09-23,2021-09-24,1,flat,flat,0.3124110437840991,0.4324148018755378,0.25517415434036295,0.3124110437840991,-0.1200037580914387,False,True
"Tesla, Inc.",2021-09-24,2021-09-27,1,up,flat,0.2833066414981152,0.3871373194503756,0.3295560390515092,0.3295560390515092,-0.0575812803988664,False,False
"Tesla, Inc.",2021-09-27,2021-09-28,1,flat,flat,0.2883437274727042,0.3774549841241478,0.33420128840314806,0.33420128840314806,-0.04325369572099974,False,True
"Tesla, Inc.",2021-09-28,2021-09-29,1,flat,flat,0.36896805914275477,0.3892836432603334,0.2417482975969119,0.36896805914275477,-0.02031558411757861,False,True
"Tesla, Inc.",2021-09-29,2021-09-30,1,flat,flat,0.36792514935657,0.3785450573892275,0.25352979325420244,0.36792514935657,-0.010619908032657499,False,True
"Tesla, Inc.",2021-09-30,2021-10-01,1,flat,flat,0.3638281709775447,0.38429118823430014,0.2518806407881552,0.3638281709775447,-0.020463017256755422,False,True
"Tesla, Inc.",2021-10-01,2021-10-04,1,up,flat,0.32676875286415674,0.43195277893057704,0.24127846820526613,0.32676875286415674,-0.1051840260664203,False,False
"Tesla, Inc.",2021-10-04,2021-10-05,1,flat,up,0.2563742544566566,0.3328917163783087,0.4107340291650346,0.4107340291650346,0.07784231278672588,True,False
"Tesla, Inc.",2021-10-05,2021-10-06,1,flat,flat,0.30446389069042,0.4591577331541432,0.2363783761554367,0.30446389069042,-0.1546938424637232,False,True
"Tesla, Inc.",2021-10-06,2021-10-07,1,flat,flat,0.32869864829204737,0.45237752746233806,0.21892382424561457,0.32869864829204737,-0.12367887917029069,False,True
"Tesla, Inc.",2021-10-07,2021-10-08,1,flat,flat,0.3473264011122631,0.37060048078450364,0.2820731181032332,0.3473264011122631,-0.023274079672240544,False,True
"Tesla, Inc.",2021-10-08,2021-10-11,1,flat,down,0.4065902873661588,0.38319619639470087,0.2102135162391403,0.4065902873661588,0.023394090971457948,True,False
"Tesla, Inc.",2021-10-11,2021-10-12,1,flat,flat,0.37599363135857566,0.38797242074240557,0.23603394789901888,0.37599363135857566,-0.011978789383829902,False,True
"Tesla, Inc.",2021-10-12,2021-10-13,1,flat,flat,0.33279518218741405,0.347120222602853,0.320084595209733,0.33279518218741405,-0.014325040415438972,False,True
"Tesla, Inc.",2021-10-13,2021-10-14,1,flat,flat,0.33589275307228705,0.3992173862307692,0.2648898606969437,0.33589275307228705,-0.06332463315848214,False,True
"Tesla, Inc.",2021-10-14,2021-10-15,1,up,flat,0.32485839680939865,0.39464112750729946,0.28050047568330183,0.32485839680939865,-0.06978273069790081,False,False
"Tesla, Inc.",2021-10-15,2021-10-18,1,up,flat,0.3051175933663793,0.36252474072645524,0.33235766590716553,0.33235766590716553,-0.030167074819289708,False,False
"Tesla, Inc.",2021-10-18,2021-10-19,1,flat,up,0.2866281337657004,0.34264218842383204,0.3707296778104676,0.3707296778104676,0.028087489386635578,True,False
"Tesla, Inc.",2021-10-19,2021-10-20,1,flat,flat,0.32097056835916915,0.37210102143172213,0.30692841020910877,0.32097056835916915,-0.051130453072552984,False,True
"Tesla, Inc.",2021-10-20,2021-10-21,1,up,flat,0.32877975304744955,0.38978383301609487,0.28143641393645547,0.32877975304744955,-0.06100407996864532,False,False
"Tesla, Inc.",2021-10-21,2021-10-22,1,up,up,0.285445082984191,0.31897861605426436,0.3955763009615446,0.3955763009615446,0.07659768490728025,True,True
"Tesla, Inc.",2021-10-22,2021-10-25,1,up,up,0.2897610223927236,0.3420921621301522,0.3681468154771242,0.3681468154771242,0.02605465334697199,True,True
"Tesla, Inc.",2021-10-25,2021-10-26,1,up,up,0.19843574466598712,0.2442696948475667,0.5572945604864461,0.5572945604864461,0.31302486563887943,True,True
"Tesla, Inc.",2021-10-26,2021-10-27,1,flat,up,0.2953587318274948,0.2699430988696319,0.43469816930287336,0.43469816930287336,0.16475507043324145,True,False
"Tesla, Inc.",2021-10-27,2021-10-28,1,up,up,0.334091727113658,0.30310671200590866,0.3628015608804334,0.3628015608804334,0.05969484887452475,True,True
"Tesla, Inc.",2021-10-28,2021-10-29,1,up,up,0.290598117833827,0.2981682893412154,0.41123359282495753,0.41123359282495753,0.11306530348374211,True,True
"Tesla, Inc.",2021-10-29,2021-11-01,1,up,up,0.34835037396496815,0.2819057986686875,0.36974382736634437,0.36974382736634437,0.08783802869765689,True,True
"Tesla, Inc.",2021-11-01,2021-11-02,1,flat,up,0.23052685674511803,0.2616397881477082,0.5078333551071738,0.5078333551071738,0.24619356695946554,True,False
"Tesla, Inc.",2021-11-02,2021-11-03,1,flat,up,0.272001636019775,0.36020678908004883,0.36779157490017617,0.36779157490017617,0.007584785820127338,True,False
"Tesla, Inc.",2021-11-03,2021-11-04,1,up,up,0.23860167273941274,0.34396014930663493,0.41743817795395227,0.41743817795395227,0.07347802864731734,True,True
"Tesla, Inc.",2021-11-04,2021-11-05,1,flat,up,0.2225796267287357,0.33665728719784943,0.44076308607341474,0.44076308607341474,0.10410579887556531,True,False
"Tesla, Inc.",2021-11-05,2021-11-08,1,down,down,0.4150104414636756,0.3196405068810736,0.26534905165525086,0.4150104414636756,0.09536993458260201,True,True
"Tesla, Inc.",2021-11-08,2021-11-09,1,down,down,0.4130474754031038,0.3271406142021262,0.2598119103947698,0.4130474754031038,0.08590686120097762,True,True
"Tesla, Inc.",2021-11-09,2021-11-10,1,down,down,0.4125589127103879,0.3138236389085954,0.2736174483810167,0.4125589127103879,0.09873527380179253,True,True
"Tesla, Inc.",2021-11-10,2021-11-11,1,up,down,0.40407560062825354,0.38922577951140663,0.20669861986033958,0.40407560062825354,0.014849821116846906,True,False
"Tesla, Inc.",2021-11-11,2021-11-12,1,down,flat,0.20579808249765483,0.4540715350654143,0.34013038243693083,0.34013038243693083,-0.11394115262848348,False,False
"Tesla, Inc.",2021-11-12,2021-11-15,1,flat,flat,0.4082188559090564,0.4407126401178012,0.15106850397314225,0.4082188559090564,-0.032493784208744825,False,True
"Tesla, Inc.",2021-11-15,2021-11-16,1,flat,flat,0.41678828117551703,0.4297663476121062,0.15344537121237678,0.41678828117551703,-0.012978066436589164,False,True
"Tesla, Inc.",2021-11-16,2021-11-17,1,up,down,0.3976909213978927,0.34466631945006015,0.25764275915204715,0.3976909213978927,0.05302460194783254,True,False
"Tesla, Inc.",2021-11-17,2021-11-18,1,flat,down,0.46042747633656994,0.3763419527304157,0.1632305709330143,0.46042747633656994,0.08408552360615423,True,False
"Tesla, Inc.",2021-11-18,2021-11-19,1,flat,flat,0.3673352446254204,0.4676080311899279,0.16505672418465184,0.3673352446254204,-0.1002727865645075,False,True
"Tesla, Inc.",2021-11-19,2021-11-22,1,up,flat,0.21515910028124396,0.5543111978803691,0.23052970183838695,0.23052970183838695,-0.32378149604198214,False,False
"Tesla, Inc.",2021-11-22,2021-11-23,1,down,flat,0.2045130917721138,0.45683861234169854,0.33864829588618767,0.33864829588618767,-0.11819031645551087,False,False
"Tesla, Inc.",2021-11-23,2021-11-24,1,flat,flat,0.32966701267113896,0.4408484543465413,0.22948453298231986,0.32966701267113896,-0.11118144167540234,False,True
"Tesla, Inc.",2021-11-24,2021-11-26,1,flat,flat,0.2271852022359716,0.5246890363053013,0.24812576145872692,0.24812576145872692,-0.2765632748465744,False,True
"Tesla, Inc.",2021-11-26,2021-11-29,1,flat,flat,0.13240155641898502,0.5953584150003839,0.2722400285806309,0.2722400285806309,-0.323118386419753,False,True
"Tesla, Inc.",2021-11-29,2021-11-30,1,flat,flat,0.12718094985291578,0.551375303515033,0.32144374663205105,0.32144374663205105,-0.229931556882982,False,True
"Tesla, Inc.",2021-11-30,2021-12-01,1,flat,flat,0.16347002496670915,0.48982175785855075,0.34670821717474,0.34670821717474,-0.14311354068381077,False,True
"Tesla, Inc.",2021-12-01,2021-12-02,1,down,flat,0.24949747178567422,0.5533198011982465,0.19718272701607917,0.24949747178567422,-0.3038223294125723,False,False
"Tesla, Inc.",2021-12-02,2021-12-03,1,down,flat,0.3049358227224129,0.49926506071880405,0.1957991165587829,0.3049358227224129,-0.19432923799639118,False,False
"Tesla, Inc.",2021-12-03,2021-12-06,1,down,flat,0.3631748427462168,0.41882786441381414,0.21799729283996877,0.3631748427462168,-0.055653021667597335,False,False
"Tesla, Inc.",2021-12-06,2021-12-07,1,up,flat,0.3665576792632213,0.46779825083177207,0.16564406990500646,0.3665576792632213,-0.10124057156855076,False,False
"Tesla, Inc.",2021-12-07,2021-12-08,1,flat,flat,0.15546989975672182,0.5552379212354466,0.28929217900783144,0.28929217900783144,-0.26594574222761513,False,True
"Tesla, Inc.",2021-12-08,2021-12-09,1,flat,flat,0.17952846651162527,0.6126163274746845,0.20785520601369015,0.20785520601369015,-0.4047611214609944,False,True
"Tesla, Inc.",2021-12-09,2021-12-10,1,flat,flat,0.29260484900059935,0.5404888521001441,0.1669062988992565,0.29260484900059935,-0.24788400309954473,False,True
"Tesla, Inc.",2021-12-10,2021-12-13,1,flat,flat,0.3488516014532277,0.4699782056776966,0.1811701928690756,0.3488516014532277,-0.12112660422446891,False,True
"Tesla, Inc.",2021-12-13,2021-12-14,1,flat,down,0.4282053704797649,0.4010621197562656,0.17073250976396936,0.4282053704797649,0.027143250723499324,True,False
"Tesla, Inc.",2021-12-14,2021-12-15,1,flat,down,0.4333322634854031,0.3891643707415253,0.17750336577307133,0.4333322634854031,0.04416789274387778,True,False
"Tesla, Inc.",2021-12-15,2021-12-16,1,flat,flat,0.2658859808249256,0.42458980432163984,0.3095242148534345,0.3095242148534345,-0.11506558946820533,False,True
"Tesla, Inc.",2021-12-16,2021-12-17,1,down,flat,0.30664245475601276,0.467947304955011,0.22541024028897622,0.30664245475601276,-0.16130485019899826,False,False
"Tesla, Inc.",2021-12-17,2021-12-20,1,flat,flat,0.38809142419756715,0.39545762791681904,0.21645094788561378,0.38809142419756715,-0.007366203719251896,False,True
"Tesla, Inc.",2021-12-20,2021-12-21,1,flat,flat,0.37701211201952717,0.3941752788317011,0.22881260914877144,0.37701211201952717,-0.017163166812173947,False,True
"Tesla, Inc.",2021-12-21,2021-12-22,1,up,flat,0.36433756902713316,0.37923052875197494,0.2564319022208918,0.36433756902713316,-0.014892959724841781,False,False
"Tesla, Inc.",2021-12-22,2021-12-23,1,up,flat,0.22998560569169402,0.4004512591289051,0.36956313517940076,0.36956313517940076,-0.030888123949504354,False,False
"Tesla, Inc.",2021-12-23,2021-12-27,1,up,flat,0.22338432825398513,0.4653909401325985,0.31122473161341624,0.31122473161341624,-0.15416620851918228,False,False
"Tesla, Inc.",2021-12-27,2021-12-28,1,flat,flat,0.19288077778189405,0.4865519569023261,0.32056726531578,0.32056726531578,-0.1659846915865461,False,True
"Tesla, Inc.",2021-12-28,2021-12-29,1,flat,flat,0.26233877267289896,0.4363032103500496,0.30135801697705145,0.30135801697705145,-0.13494519337299815,False,True
"Tesla, Inc.",2021-12-29,2021-12-30,1,flat,flat,0.3127006614069757,0.422077310678977,0.2652220279140473,0.3127006614069757,-0.1093766492720013,False,True
"Tesla, Inc.",2021-12-30,2021-12-31,1,flat,flat,0.2544073373997722,0.447751754971792,0.2978409076284357,0.2978409076284357,-0.1499108473433563,False,True
"Tesla, Inc.",2021-12-31,2022-01-03,1,up,flat,0.1902957222623648,0.5109389723885551,0.29876530534908,0.29876530534908,-0.2121736670394751,False,False
"Tesla, Inc.",2022-01-03,2022-01-04,1,flat,up,0.1093858380975481,0.3913319205107377,0.4992822413917143,0.4992822413917143,0.10795032088097661,True,False
"Tesla, Inc.",2022-01-04,2022-01-05,1,down,flat,0.18592129005857838,0.5487405521793007,0.2653381577621209,0.2653381577621209,-0.28340239441717985,False,False
"Tesla, Inc.",2022-01-05,2022-01-06,1,down,flat,0.2667752605894524,0.5219836412403601,0.21124109817018752,0.2667752605894524,-0.25520838065090773,False,False
"Tesla, Inc.",2022-01-06,2022-01-07,1,flat,flat,0.3226503886829235,0.4139063702204455,0.26344324109663086,0.3226503886829235,-0.09125598153752201,False,True
"Tesla, Inc.",2022-01-07,2022-01-10,1,flat,flat,0.3704162023981601,0.41209187334068675,0.21749192426115307,0.3704162023981601,-0.041675670942526666,False,True
"Tesla, Inc.",2022-01-10,2022-01-11,1,flat,flat,0.29313393213742167,0.4752201110356279,0.23164595682695038,0.29313393213742167,-0.18208617889820622,False,True
"Tesla, Inc.",2022-01-11,2022-01-12,1,flat,flat,0.18611901823741,0.5736489699048137,0.24023201185777626,0.24023201185777626,-0.33341695804703747,False,True
"Tesla, Inc.",2022-01-12,2022-01-13,1,flat,flat,0.1904548762532859,0.5798989077629149,0.2296462159837992,0.2296462159837992,-0.35025269177911567,False,True
"Tesla, Inc.",2022-01-13,2022-01-14,1,down,flat,0.40618662465521493,0.435342443625305,0.1584709317194801,0.40618662465521493,-0.029155818970090064,False,False
"Tesla, Inc.",2022-01-14,2022-01-18,1,flat,down,0.4681764348334788,0.3963686265892679,0.13545493857725316,0.4681764348334788,0.0718078082442109,True,False
"Tesla, Inc.",2022-01-18,2022-01-19,1,flat,flat,0.3980546672322225,0.406937044200969,0.19500828856680846,0.3980546672322225,-0.008882376968746497,False,True
"Tesla, Inc.",2022-01-19,2022-01-20,1,flat,flat,0.29924215167824214,0.5245657580007865,0.17619209032097127,0.29924215167824214,-0.2253236063225444,False,True
"Tesla, Inc.",2022-01-20,2022-01-21,1,down,flat,0.21914539025289345,0.5755731716563273,0.2052814380907791,0.21914539025289345,-0.3564277814034338,False,False
"Tesla, Inc.",2022-01-21,2022-01-24,1,down,flat,0.25087320650601164,0.5455783533100543,0.20354844018393406,0.25087320650601164,-0.2947051468040427,False,False
"Tesla, Inc.",2022-01-24,2022-01-25,1,flat,down,0.40564013820891903,0.38703491890847647,0.2073249428826045,0.40564013820891903,0.018605219300442566,True,False
"Tesla, Inc.",2022-01-25,2022-01-26,1,flat,flat,0.2931217955799764,0.39776025410639726,0.30911795031362627,0.30911795031362627,-0.088642303792771,False,True
"Tesla, Inc.",2022-01-26,2022-01-27,1,down,flat,0.33198373658160324,0.40760394399303834,0.26041231942535825,0.33198373658160324,-0.0756202074114351,False,False
"Tesla, Inc.",2022-01-27,2022-01-28,1,down,down,0.4843919389871608,0.36619027887667255,0.14941778213616672,0.4843919389871608,0.11820166011048827,True,True
"Tesla, Inc.",2022-01-28,2022-01-31,1,up,down,0.41349763531520745,0.36536452883577136,0.22113783584902102,0.41349763531520745,0.04813310647943608,True,False
"Tesla, Inc.",2022-01-31,2022-02-01,1,flat,flat,0.24258618433196094,0.38397955797955613,0.37343425768848293,0.37343425768848293,-0.0105453002910732,False,True
"Tesla, Inc.",2022-02-01,2022-02-02,1,flat,flat,0.3475569536855003,0.4654953876966158,0.18694765861788393,0.3475569536855003,-0.11793843401111548,False,True
"Tesla, Inc.",2022-02-02,2022-02-03,1,flat,flat,0.32449683635384785,0.50511913901961,0.17038402462654206,0.32449683635384785,-0.18062230266576218,False,True
"Tesla, Inc.",2022-02-03,2022-02-04,1,flat,flat,0.2835192382965684,0.5090067963062576,0.20747396539717383,0.2835192382965684,-0.22548755800968917,False,True
"Tesla, Inc.",2022-02-04,2022-02-07,1,flat,flat,0.2728194663814516,0.463202138706023,0.2639783949125254,0.2728194663814516,-0.1903826723245714,False,True
"Tesla, Inc.",2022-02-07,2022-02-08,1,flat,flat,0.2657613261881319,0.4332034935139727,0.30103518029789544,0.30103518029789544,-0.13216831321607725,False,True
"Tesla, Inc.",2022-02-08,2022-02-09,1,flat,flat,0.24929213616295265,0.5346159293920567,0.21609193444499047,0.24929213616295265,-0.28532379322910406,False,True
"Tesla, Inc.",2022-02-09,2022-02-10,1,flat,flat,0.14848355908054156,0.6013874197162566,0.2501290212032018,0.2501290212032018,-0.35125839851305485,False,True
"Tesla, Inc.",2022-02-10,2022-02-11,1,flat,flat,0.2596267757630515,0.5157169696569628,0.22465625457998561,0.2596267757630515,-0.2560901938939113,False,True
"Tesla, Inc.",2022-02-11,2022-02-14,1,flat,flat,0.2943688491944289,0.4864649891114866,0.21916616169408432,0.2943688491944289,-0.1920961399170577,False,True
"Tesla, Inc.",2022-02-14,2022-02-15,1,up,flat,0.24313070168752685,0.5185275068420917,0.2383417914703812,0.24313070168752685,-0.2753968051545649,False,False
"Tesla, Inc.",2022-02-15,2022-02-16,1,flat,flat,0.1709618644703983,0.5630547841656868,0.2659833513639148,0.2659833513639148,-0.29707143280177195,False,True
"Tesla, Inc.",2022-02-16,2022-02-17,1,flat,flat,0.2016579710502886,0.5872230110333518,0.2111190179163595,0.2111190179163595,-0.37610399311699233,False,True
"Tesla, Inc.",2022-02-17,2022-02-18,1,down,flat,0.2697651886846541,0.5581577759288409,0.17207703538650504,0.2697651886846541,-0.28839258724418676,False,False
"Tesla, Inc.",2022-02-18,2022-02-22,1,down,flat,0.3050825792295146,0.5105886339557103,0.18432878681477494,0.3050825792295146,-0.2055060547261957,False,False
"Tesla, Inc.",2022-02-22,2022-02-23,1,down,down,0.4153486482996387,0.40509788645026323,0.17955346525009797,0.4153486482996387,0.010250761849375456,True,True
"Tesla, Inc.",2022-02-23,2022-02-24,1,down,flat,0.35906038147997943,0.4278818452060821,0.21305777331393833,0.35906038147997943,-0.06882146372610265,False,False
"Tesla, Inc.",2022-02-24,2022-02-25,1,up,flat,0.352726170801446,0.38993476252209236,0.25733906667646145,0.352726170801446,-0.03720859172064633,False,False
"Tesla, Inc.",2022-02-25,2022-02-28,1,up,flat,0.19585517985992001,0.48869845607280676,0.31544636406727317,0.31544636406727317,-0.1732520920055336,False,False
"Tesla, Inc.",2022-02-28,2022-03-01,1,flat,flat,0.23600040272902761,0.47173572399813746,0.2922638732728349,0.2922638732728349,-0.17947185072530258,False,True
"Tesla, Inc.",2022-03-01,2022-03-02,1,flat,flat,0.2799549044082613,0.5328184502437027,0.18722664534803604,0.2799549044082613,-0.25286354583544135,False,True
"Tesla, Inc.",2022-03-02,2022-03-03,1,flat,flat,0.3527329820329297,0.4737403721377501,0.17352664582932026,0.3527329820329297,-0.12100739010482042,False,True
"Tesla, Inc.",2022-03-03,2022-03-04,1,flat,down,0.4211995186420604,0.4178346324114157,0.16096584894652383,0.4211995186420604,0.0033648862306446814,True,False
"Tesla, Inc.",2022-03-04,2022-03-07,1,flat,flat,0.3482453269408664,0.43546146347384673,0.2162932095852868,0.3482453269408664,-0.08721613653298033,False,True
"Tesla, Inc.",2022-03-07,2022-03-08,1,flat,flat,0.2030333801904676,0.5445573726933219,0.2524092471162105,0.2524092471162105,-0.29214812557711145,False,True
"Tesla, Inc.",2022-03-08,2022-03-09,1,up,flat,0.1959826818606469,0.5762856309601989,0.2277316871791541,0.2277316871791541,-0.3485539437810448,False,False
"Tesla, Inc.",2022-03-09,2022-03-10,1,flat,flat,0.15126481125311522,0.5449511256489373,0.3037840630979474,0.3037840630979474,-0.2411670625509899,False,True
"Tesla, Inc.",2022-03-10,2022-03-11,1,flat,flat,0.23399329015449893,0.5918691113226286,0.17413759852287228,0.23399329015449893,-0.3578758211681297,False,True
"Tesla, Inc.",2022-03-11,2022-03-14,1,down,flat,0.2718260070842716,0.5568287421929803,0.1713452507227478,0.2718260070842716,-0.28500273510870866,False,False
"Tesla, Inc.",2022-03-14,2022-03-15,1,flat,flat,0.36804675340123194,0.4404287792284459,0.19152446737032203,0.36804675340123194,-0.07238202582721398,False,True
"Tesla, Inc.",2022-03-15,2022-03-16,1,up,flat,0.3071528865302934,0.43253950040288214,0.2603076130668245,0.3071528865302934,-0.12538661387258876,False,False
"Tesla, Inc.",2022-03-16,2022-03-17,1,flat,flat,0.26112666986440924,0.4236310171745743,0.31524231296101646,0.31524231296101646,-0.10838870421355784,False,True
"Tesla, Inc.",2022-03-17,2022-03-18,1,up,flat,0.20268141902546932,0.6012787878039556,0.19603979317057513,0.20268141902546932,-0.3985973687784863,False,False
"Tesla, Inc.",2022-03-18,2022-03-21,1,up,flat,0.19902476001728678,0.5186665144743887,0.28230872550832453,0.28230872550832453,-0.2363577889660642,False,False
"Tesla, Inc.",2022-03-21,2022-03-22,1,up,flat,0.23411177639625064,0.49526453956099104,0.2706236840427584,0.2706236840427584,-0.22464085551823265,False,False
"Tesla, Inc.",2022-03-22,2022-03-23,1,up,flat,0.2705780130999307,0.40386429016898917,0.3255576967310801,0.3255576967310801,-0.07830659343790908,False,False
"Tesla, Inc.",2022-03-23,2022-03-24,1,flat,flat,0.23218161834652346,0.4019436749665812,0.36587470668689526,0.36587470668689526,-0.03606896827968592,False,True
"Tesla, Inc.",2022-03-24,2022-03-25,1,flat,flat,0.19385880090925697,0.5220209216321368,0.28412027745860635,0.28412027745860635,-0.2379006441735304,False,True
"Tesla, Inc.",2022-03-25,2022-03-28,1,up,flat,0.20544336719818226,0.47767882441361825,0.31687780838819946,0.31687780838819946,-0.1608010160254188,False,False
"Tesla, Inc.",2022-03-28,2022-03-29,1,flat,up,0.14540925745412306,0.36936434166858534,0.4852264008772916,0.4852264008772916,0.11586205920870624,True,False
"Tesla, Inc.",2022-03-29,2022-03-30,1,flat,flat,0.18060240462920274,0.4776368494518103,0.341760745918987,0.341760745918987,-0.1358761035328233,False,True
"Tesla, Inc.",2022-03-30,2022-03-31,1,flat,flat,0.22176843878609726,0.44848967527385253,0.3297418859400501,0.3297418859400501,-0.11874778933380242,False,True
"Tesla, Inc.",2022-03-31,2022-04-01,1,flat,flat,0.23483098461060953,0.42082014522980576,0.34434887015958454,0.34434887015958454,-0.07647127507022122,False,True
"Tesla, Inc.",2022-04-01,2022-04-04,1,up,flat,0.35533885932933784,0.36242852534941444,0.28223261532124766,0.35533885932933784,-0.0070896660200766015,False,False
"Tesla, Inc.",2022-04-04,2022-04-05,1,flat,up,0.2504080868365927,0.36237339972885335,0.3872185134345538,0.3872185134345538,0.024845113705700472,True,False
"Tesla, Inc.",2022-04-05,2022-04-06,1,down,flat,0.3368452955003073,0.3944764825483147,0.2686782219513779,0.3368452955003073,-0.057631187048007404,False,False
"Tesla, Inc.",2022-04-06,2022-04-07,1,flat,down,0.44658813412643217,0.37340867490656093,0.1800031909670069,0.44658813412643217,0.07317945921987123,True,False
"Tesla, Inc.",2022-04-07,2022-04-08,1,flat,flat,0.33458924727548484,0.3792344165208123,0.28617633620370264,0.33458924727548484,-0.044645169245327465,False,True
"Tesla, Inc.",2022-04-08,2022-04-11,1,down,down,0.46202080205681834,0.3637216516425259,0.17425754630065554,0.46202080205681834,0.09829915041429244,True,True
"Tesla, Inc.",2022-04-11,2022-04-12,1,flat,down,0.48278319441312134,0.3779215892218514,0.13929521636502717,0.48278319441312134,0.10486160519126997,True,False
"Tesla, Inc.",2022-04-12,2022-04-13,1,flat,flat,0.29852282454611206,0.3812169929521945,0.3202601825016933,0.3202601825016933,-0.06095681045050122,False,True
"Tesla, Inc.",2022-04-13,2022-04-14,1,flat,flat,0.3778835418660052,0.41507978104461823,0.20703667708937656,0.3778835418660052,-0.03719623917861303,False,True
"Tesla, Inc.",2022-04-14,2022-04-18,1,flat,down,0.42698006645823655,0.39945846500985316,0.17356146853191018,0.42698006645823655,0.027521601448383393,True,False
"Tesla, Inc.",2022-04-18,2022-04-19,1,flat,down,0.41147948407304424,0.38275475690856703,0.20576575901838845,0.41147948407304424,0.028724727164477215,True,False
"Tesla, Inc.",2022-04-19,2022-04-20,1,flat,flat,0.33721351661777743,0.4359024816905346,0.226884001691688,0.33721351661777743,-0.09868896507275715,False,True
"Tesla, Inc.",2022-04-20,2022-04-21,1,up,flat,0.3910138380767341,0.41023626139300845,0.1987499005302573,0.3910138380767341,-0.01922242331627433,False,False
"Tesla, Inc.",2022-04-21,2022-04-22,1,down,flat,0.2318060107783217,0.40446389990777315,0.3637300893139053,0.3637300893139053,-0.040733810593867825,False,False
"Tesla, Inc.",2022-04-22,2022-04-25,1,flat,flat,0.2969943671976763,0.5259849369721445,0.1770206958301791,0.2969943671976763,-0.22899056977446824,False,True
"Tesla, Inc.",2022-04-25,2022-04-26,1,down,flat,0.28061402185186546,0.475881123087639,0.24350485506049532,0.28061402185186546,-0.19526710123577357,False,False
"Tesla, Inc.",2022-04-26,2022-04-27,1,down,down,0.4273476320411816,0.3184110068682028,0.2542413610906158,0.4273476320411816,0.10893662517297881,True,True
"Tesla, Inc.",2022-04-27,2022-04-28,1,flat,flat,0.3390363080575074,0.4354151783701936,0.22554851357229877,0.3390363080575074,-0.09637887031268622,False,True
"Tesla, Inc.",2022-04-28,2022-04-29,1,flat,flat,0.33470627771393613,0.3515070517007023,0.3137866705853615,0.33470627771393613,-0.01680077398676616,False,True
"Tesla, Inc.",2022-04-29,2022-05-02,1,flat,flat,0.2643788519985712,0.452807589390085,0.2828135586113437,0.2828135586113437,-0.16999403077874126,False,True
"Tesla, Inc.",2022-05-02,2022-05-03,1,flat,flat,0.356849614975004,0.48671248712079124,0.1564378979042046,0.356849614975004,-0.12986287214578723,False,True
"Tesla, Inc.",2022-05-03,2022-05-04,1,flat,flat,0.2974672186310901,0.4569236044617184,0.24560917690719147,0.2974672186310901,-0.15945638583062832,False,True
"Tesla, Inc.",2022-05-04,2022-05-05,1,flat,flat,0.3770289626908524,0.4382502168812839,0.18472082042786364,0.3770289626908524,-0.06122125419043151,False,True
"Tesla, Inc.",2022-05-05,2022-05-06,1,down,down,0.4726340723505964,0.39522989973012135,0.13213602791928242,0.4726340723505964,0.07740417262047505,True,True
"Tesla, Inc.",2022-05-06,2022-05-09,1,down,flat,0.3514204383915446,0.4754404718414708,0.1731390897669845,0.3514204383915446,-0.12402003344992624,False,False
"Tesla, Inc.",2022-05-09,2022-05-10,1,flat,flat,0.4076145003204056,0.41586437083333017,0.1765211288462641,0.4076145003204056,-0.008249870512924584,False,True
"Tesla, Inc.",2022-05-10,2022-05-11,1,down,flat,0.25397383218885405,0.4912277004090282,0.2547984674021175,0.2547984674021175,-0.2364292330069107,False,False
"Tesla, Inc.",2022-05-11,2022-05-12,1,down,flat,0.3031989262565054,0.4057911798467756,0.29100989389671883,0.3031989262565054,-0.10259225359027019,False,False
"Tesla, Inc.",2022-05-12,2022-05-13,1,up,flat,0.35983425844672395,0.36272349946538696,0.27744224208788887,0.35983425844672395,-0.0028892410186630024,False,False
"Tesla, Inc.",2022-05-13,2022-05-16,1,flat,flat,0.21851443453085642,0.41469606412246574,0.3667895013466778,0.3667895013466778,-0.04790656277578792,False,True
"Tesla, Inc.",2022-05-16,2022-05-17,1,flat,down,0.48007195775559736,0.4019116058531146,0.11801643639128795,0.48007195775559736,0.07816035190248277,True,False
"Tesla, Inc.",2022-05-17,2022-05-18,1,flat,down,0.43268698892838153,0.36093393287589803,0.20637907819572038,0.43268698892838153,0.0717530560524835,True,False
"Tesla, Inc.",2022-05-18,2022-05-19,1,flat,down,0.4619078341066387,0.3649229456878728,0.17316922020548825,0.4619078341066387,0.0969848884187659,True,False
"Tesla, Inc.",2022-05-19,2022-05-20,1,flat,down,0.5057703778336147,0.35172253155353367,0.14250709061285163,0.5057703778336147,0.154047846280081,True,False
"Tesla, Inc.",2022-05-20,2022-05-23,1,flat,down,0.4720413969753574,0.2684695273930682,0.25948907563157453,0.4720413969753574,0.20357186958228923,True,False
"Tesla, Inc.",2022-05-23,2022-05-24,1,flat,flat,0.31778883951662534,0.4563786243734992,0.22583253610987522,0.31778883951662534,-0.13858978485687384,False,True
"Tesla, Inc.",2022-05-24,2022-05-25,1,flat,flat,0.30311066641188367,0.4285223644979982,0.268366969090118,0.30311066641188367,-0.12541169808611452,False,True
"Tesla, Inc.",2022-05-25,2022-05-26,1,up,flat,0.2512789310007489,0.42922472529543326,0.31949634370381785,0.31949634370381785,-0.10972838159161541,False,False
"Tesla, Inc.",2022-05-26,2022-05-27,1,up,flat,0.18577104202563174,0.45761341022128427,0.356615547753084,0.356615547753084,-0.10099786246820025,False,False
"Tesla, Inc.",2022-05-27,2022-05-31,1,flat,flat,0.15356942723322622,0.5479582510940846,0.29847232167268917,0.29847232167268917,-0.2494859294213954,False,True
"Tesla, Inc.",2022-05-31,2022-06-01,1,flat,flat,0.23832075664689029,0.532603242851313,0.22907600050179674,0.23832075664689029,-0.2942824862044227,False,True
"Tesla, Inc.",2022-06-01,2022-06-02,1,flat,flat,0.29500620741427674,0.5453014451707273,0.15969234741499597,0.29500620741427674,-0.2502952377564506,False,True
"Tesla, Inc.",2022-06-02,2022-06-03,1,down,flat,0.21546563305603214,0.48332111819596435,0.3012132487480035,0.3012132487480035,-0.18210786944796087,False,False
"Tesla, Inc.",2022-06-03,2022-06-06,1,flat,flat,0.3084000686903579,0.47861695649061353,0.21298297481902856,0.3084000686903579,-0.17021688780025562,False,True
"Tesla, Inc.",2022-06-06,2022-06-07,1,flat,flat,0.13547115609662136,0.6265117036197476,0.23801714028363077,0.23801714028363077,-0.38849456333611687,False,True
"Tesla, Inc.",2022-06-07,2022-06-08,1,flat,flat,0.1252160342598608,0.6843656747606184,0.19041829097952068,0.19041829097952068,-0.4939473837810977,False,True
"Tesla, Inc.",2022-06-08,2022-06-09,1,flat,flat,0.13226564814361197,0.6351326440220727,0.23260170783431514,0.23260170783431514,-0.4025309361877576,False,True
"Tesla, Inc.",2022-06-09,2022-06-10,1,down,flat,0.19233539486143403,0.5637673683202633,0.24389723681830267,0.24389723681830267,-0.31987013150196064,False,False
"Tesla, Inc.",2022-06-10,2022-06-13,1,down,flat,0.3719095172690352,0.5175201774782403,0.11057030525272438,0.3719095172690352,-0.1456106602092051,False,False
"Tesla, Inc.",2022-06-13,2022-06-14,1,flat,down,0.4344002643238157,0.4189210414720355,0.14667869420414864,0.4344002643238157,0.015479222851780161,True,False
"Tesla, Inc.",2022-06-14,2022-06-15,1,flat,flat,0.33488204848609654,0.46649951866124956,0.19861843285265382,0.33488204848609654,-0.13161747017515302,False,True
"Tesla, Inc.",2022-06-15,2022-06-16,1,down,flat,0.23956606028747612,0.4942510400037958,0.266182899708728,0.266182899708728,-0.22806814029506783,False,False
"Tesla, Inc.",2022-06-16,2022-06-17,1,flat,flat,0.3064264191903136,0.5470729679528377,0.14650061285684868,0.3064264191903136,-0.24064654876252406,False,True
"Tesla, Inc.",2022-06-17,2022-06-21,1,up,flat,0.2542644389176552,0.5810354579190145,0.16470010316333017,0.2542644389176552,-0.32677101900135924,False,False
"Tesla, Inc.",2022-06-21,2022-06-22,1,flat,flat,0.11699410233675007,0.5016451973213812,0.38136070034186875,0.38136070034186875,-0.12028449697951249,False,True
"Tesla, Inc.",2022-06-22,2022-06-23,1,flat,flat,0.23737699356531808,0.5945268054661064,0.16809620096857542,0.23737699356531808,-0.3571498119007883,False,True
"Tesla, Inc.",2022-06-23,2022-06-24,1,flat,flat,0.2509949556559047,0.5888204380536305,0.16018460629046477,0.2509949556559047,-0.3378254823977258,False,True
"Tesla, Inc.",2022-06-24,2022-06-27,1,flat,flat,0.11302436467324058,0.6275387031768,0.2594369321499592,0.2594369321499592,-0.36810177102684083,False,True
"Tesla, Inc.",2022-06-27,2022-06-28,1,down,flat,0.14872273354769786,0.5874166027361971,0.2638606637161048,0.2638606637161048,-0.32355593902009233,False,False
"Tesla, Inc.",2022-06-28,2022-06-29,1,down,flat,0.2405217172493041,0.5763162408716396,0.18316204187905633,0.2405217172493041,-0.3357945236223355,False,False
"Tesla, Inc.",2022-06-29,2022-06-30,1,flat,flat,0.19860656220129097,0.6350884441685329,0.16630499363017603,0.19860656220129097,-0.43648188196724197,False,True
"Tesla, Inc.",2022-06-30,2022-07-01,1,flat,flat,0.16394691621282073,0.606300539617233,0.22975254416994628,0.22975254416994628,-0.3765479954472867,False,True
"Tesla, Inc.",2022-07-01,2022-07-05,1,flat,flat,0.14892308822442074,0.564976543726071,0.28610036804950834,0.28610036804950834,-0.27887617567656264,False,True
"Tesla, Inc.",2022-07-05,2022-07-06,1,flat,flat,0.2461300305296566,0.5552646466820552,0.19860532278828819,0.2461300305296566,-0.3091346161523986,False,True
"Tesla, Inc.",2022-07-06,2022-07-07,1,flat,flat,0.1431682523033332,0.6311069623664853,0.22572478533018137,0.22572478533018137,-0.40538217703630397,False,True
"Tesla, Inc.",2022-07-07,2022-07-08,1,up,flat,0.18448112998803987,0.5699358770946958,0.24558299291726426,0.24558299291726426,-0.3243528841774316,False,False
"Tesla, Inc.",2022-07-08,2022-07-11,1,flat,flat,0.23903175302668295,0.4871595704209672,0.27380867655234975,0.27380867655234975,-0.21335089386861744,False,True
"Tesla, Inc.",2022-07-11,2022-07-12,1,down,flat,0.3271873736605039,0.527878004278727,0.14493462206076912,0.3271873736605039,-0.20069063061822312,False,False
"Tesla, Inc.",2022-07-12,2022-07-13,1,flat,flat,0.31596934770716745,0.5472207704398191,0.13680988185301352,0.31596934770716745,-0.23125142273265165,False,True
"Tesla, Inc.",2022-07-13,2022-07-14,1,flat,flat,0.2062913414939841,0.5652214567470162,0.22848720175899953,0.22848720175899953,-0.3367342549880167,False,True
"Tesla, Inc.",2022-07-14,2022-07-15,1,flat,flat,0.15849346052958035,0.5740249521452606,0.2674815873251588,0.2674815873251588,-0.3065433648201018,False,True
"Tesla, Inc.",2022-07-15,2022-07-18,1,flat,flat,0.12468595008192229,0.6259445519971536,0.24936949792092405,0.24936949792092405,-0.37657505407622954,False,True
"Tesla, Inc.",2022-07-18,2022-07-19,1,flat,flat,0.14789083763249583,0.6038013010527736,0.24830786131473054,0.24830786131473054,-0.3554934397380431,False,True
"Tesla, Inc.",2022-07-19,2022-07-20,1,flat,flat,0.276725652384517,0.5324518697187934,0.1908224778966894,0.276725652384517,-0.2557262173342764,False,True
"Tesla, Inc.",2022-07-20,2022-07-21,1,up,flat,0.3097227030973059,0.44655678051604103,0.243720516386653,0.3097227030973059,-0.13683407741873516,False,False
"Tesla, Inc.",2022-07-21,2022-07-22,1,up,flat,0.20374754447083493,0.4129139752353841,0.3833384802937809,0.3833384802937809,-0.029575494941603164,False,False
"Tesla, Inc.",2022-07-22,2022-07-25,1,flat,flat,0.22039347826807654,0.49386361160069414,0.28574291013122927,0.28574291013122927,-0.20812070146946487,False,True
"Tesla, Inc.",2022-07-25,2022-07-26,1,down,flat,0.22370019981147427,0.586548457350661,0.18975134283786466,0.22370019981147427,-0.3628482575391867,False,False
"Tesla, Inc.",2022-07-26,2022-07-27,1,flat,flat,0.28837456211438417,0.5187215210353369,0.19290391685027874,0.28837456211438417,-0.2303469589209527,False,True
"Tesla, Inc.",2022-07-27,2022-07-28,1,up,flat,0.24118208554611953,0.4197471595174771,0.3390707549364032,0.3390707549364032,-0.08067640458107389,False,False
"Tesla, Inc.",2022-07-28,2022-07-29,1,up,flat,0.21870551235923064,0.45459700271320047,0.3266974849275688,0.3266974849275688,-0.1278995177856317,False,False
"Tesla, Inc.",2022-07-29,2022-08-01,1,up,flat,0.2179295336356673,0.47257153468739266,0.3094989316769399,0.3094989316769399,-0.16307260301045273,False,False
"Tesla, Inc.",2022-08-01,2022-08-02,1,flat,flat,0.20940996882437574,0.43026177152377987,0.3603282596518444,0.3603282596518444,-0.06993351187193547,False,True
"Tesla, Inc.",2022-08-02,2022-08-03,1,flat,flat,0.3334887434872069,0.4210782578007715,0.24543299871202165,0.3334887434872069,-0.0875895143135646,False,True
"Tesla, Inc.",2022-08-03,2022-08-04,1,flat,flat,0.2742018977501682,0.4132171644751201,0.3125809377747118,0.3125809377747118,-0.10063622670040828,False,True
"Tesla, Inc.",2022-08-04,2022-08-05,1,down,flat,0.29084080119112876,0.41854682032935026,0.29061237847952104,0.29084080119112876,-0.1277060191382215,False,False
"Tesla, Inc.",2022-08-05,2022-08-08,1,flat,down,0.424267158520363,0.3785915458373845,0.19714129564225247,0.424267158520363,0.045675612682978484,True,False
"Tesla, Inc.",2022-08-08,2022-08-09,1,down,flat,0.2298680510437596,0.42840016313996665,0.3417317858162738,0.3417317858162738,-0.08666837732369287,False,False
"Tesla, Inc.",2022-08-09,2022-08-10,1,flat,flat,0.30032566799774185,0.4910974379653892,0.20857689403686894,0.30032566799774185,-0.19077176996764733,False,True
"Tesla, Inc.",2022-08-10,2022-08-11,1,flat,flat,0.24886392478795905,0.4327975951041494,0.31833848010789145,0.31833848010789145,-0.11445911499625794,False,True
"Tesla, Inc.",2022-08-11,2022-08-12,1,flat,flat,0.3306211570920685,0.4377820466357194,0.23159679627221197,0.3306211570920685,-0.10716088954365088,False,True
"Tesla, Inc.",2022-08-12,2022-08-15,1,up,flat,0.3395300619367351,0.4581425490204832,0.20232738904278164,0.3395300619367351,-0.11861248708374811,False,False
"Tesla, Inc.",2022-08-15,2022-08-16,1,flat,flat,0.24917586860105922,0.43943336261764876,0.31139076878129196,0.31139076878129196,-0.1280425938363568,False,True
"Tesla, Inc.",2022-08-16,2022-08-17,1,flat,flat,0.359773181573053,0.44121880297576366,0.1990080154511834,0.359773181573053,-0.08144562140271067,False,True
"Tesla, Inc.",2022-08-17,2022-08-18,1,flat,flat,0.3683047578829213,0.44850855426128955,0.18318668785578912,0.3683047578829213,-0.08020379637836828,False,True
"Tesla, Inc.",2022-08-18,2022-08-19,1,down,flat,0.246721235960498,0.478013397254773,0.2752653667847289,0.2752653667847289,-0.20274803047004408,False,False
"Tesla, Inc.",2022-08-19,2022-08-22,1,down,flat,0.3617488636784706,0.43106249262117924,0.2071886437003501,0.3617488636784706,-0.06931362894270865,False,False
"Tesla, Inc.",2022-08-22,2022-08-23,1,flat,flat,0.284723848967676,0.46282191806309414,0.25245423296922975,0.284723848967676,-0.17809806909541814,False,True
"Tesla, Inc.",2022-08-23,2022-08-24,1,flat,flat,0.19044023694226073,0.4509136212799642,0.358646141777775,0.358646141777775,-0.09226747950218922,False,True
"Tesla, Inc.",2022-08-24,2022-08-25,1,flat,flat,0.2030371143317182,0.5033575512980778,0.293605334370204,0.293605334370204,-0.20975221692787382,False,True
"Tesla, Inc.",2022-08-25,2022-08-26,1,flat,flat,0.2791921951694963,0.48612457458529945,0.23468323024520413,0.2791921951694963,-0.20693237941580317,False,True
"Tesla, Inc.",2022-08-26,2022-08-29,1,down,flat,0.3901249760071344,0.41503726157722154,0.194837762415644,0.3901249760071344,-0.024912285570087123,False,False
"Tesla, Inc.",2022-08-29,2022-08-30,1,flat,flat,0.41995321242187805,0.4254305631084066,0.15461622446971515,0.41995321242187805,-0.005477350686528548,False,True
"Tesla, Inc.",2022-08-30,2022-08-31,1,flat,flat,0.3405940331615401,0.42965396470260686,0.22975200213585287,0.3405940331615401,-0.08905993154106678,False,True
"Tesla, Inc.",2022-08-31,2022-09-01,1,flat,flat,0.3575313606502598,0.42989781968799057,0.2125708196617495,0.3575313606502598,-0.07236645903773076,False,True
"Tesla, Inc.",2022-09-01,2022-09-02,1,flat,flat,0.3350603879767456,0.4645564143065608,0.20038319771669355,0.3350603879767456,-0.12949602632981522,False,True
"Tesla, Inc.",2022-09-02,2022-09-06,1,flat,flat,0.30772273579317844,0.3677895435113584,0.3244877206954631,0.3244877206954631,-0.043301822815895286,False,True
"Tesla, Inc.",2022-09-06,2022-09-07,1,flat,down,0.4189104774242722,0.3924742815658207,0.188615241009907,0.4189104774242722,0.026436195858451472,True,False
"Tesla, Inc.",2022-09-07,2022-09-08,1,up,flat,0.33691264199777726,0.35541994283030426,0.30766741517191837,0.33691264199777726,-0.018507300832526996,False,False
"Tesla, Inc.",2022-09-08,2022-09-09,1,up,flat,0.35329355141265617,0.37611956255079004,0.2705868860365538,0.35329355141265617,-0.022826011138133873,False,False
"Tesla, Inc.",2022-09-09,2022-09-12,1,up,flat,0.2730853061446654,0.4385481052779531,0.28836658857738134,0.28836658857738134,-0.15018151670057178,False,False
"Tesla, Inc.",2022-09-12,2022-09-13,1,down,flat,0.2552172066057919,0.4528450260060247,0.2919377673881834,0.2919377673881834,-0.16090725861784133,False,False
"Tesla, Inc.",2022-09-13,2022-09-14,1,flat,down,0.40750463727549713,0.3876245855899132,0.2048707771345898,0.40750463727549713,0.019880051685583933,True,False
"Tesla, Inc.",2022-09-14,2022-09-15,1,flat,flat,0.25722106892340457,0.39025950123061404,0.3525194298459814,0.3525194298459814,-0.037740071384632645,False,True
"Tesla, Inc.",2022-09-15,2022-09-16,1,flat,flat,0.2520623233685412,0.40566877855473105,0.3422688980767278,0.3422688980767278,-0.06339988047800327,False,True
"Tesla, Inc.",2022-09-16,2022-09-19,1,flat,flat,0.29706846510684537,0.42812604760140893,0.2748054872917457,0.29706846510684537,-0.13105758249456356,False,True
"Tesla, Inc.",2022-09-19,2022-09-20,1,flat,flat,0.20136153676178226,0.46705861899802276,0.3315798442401949,0.3315798442401949,-0.13547877475782788,False,True
"Tesla, Inc.",2022-09-20,2022-09-21,1,flat,flat,0.24170845642265204,0.4561053769989183,0.30218616657842967,0.30218616657842967,-0.15391921042048862,False,True
"Tesla, Inc.",2022-09-21,2022-09-22,1,down,flat,0.35348581776946425,0.4006354037036198,0.24587877852691598,0.35348581776946425,-0.047149585934155525,False,False
"Tesla, Inc.",2022-09-22,2022-09-23,1,down,flat,0.3897708689458159,0.39009415820512117,0.2201349728490629,0.3897708689458159,-0.0003232892593052483,False,False
"Tesla, Inc.",2022-09-23,2022-09-26,1,flat,down,0.40618901533011254,0.4052246026475519,0.18858638202233546,0.40618901533011254,0.0009644126825606447,True,False
"Tesla, Inc.",2022-09-26,2022-09-27,1,up,flat,0.32297284955031136,0.44459741313790013,0.2324297373117883,0.32297284955031136,-0.12162456358758877,False,False
"Tesla, Inc.",2022-09-27,2022-09-28,1,flat,flat,0.2727495463368835,0.4070305224031872,0.32021993125992926,0.32021993125992926,-0.08681059114325795,False,True
"Tesla, Inc.",2022-09-28,2022-09-29,1,down,flat,0.36414062956922827,0.4396862242260076,0.19617314620476412,0.36414062956922827,-0.07554559465677935,False,False
"Tesla, Inc.",2022-09-29,2022-09-30,1,down,down,0.42500986357585,0.40338750971798176,0.17160262670616827,0.42500986357585,0.02162235385786826,True,True
"Tesla, Inc.",2022-09-30,2022-10-03,1,down,down,0.4236985609492738,0.40794093261417125,0.16836050643655487,0.4236985609492738,0.015757628335102525,True,True
"Tesla, Inc.",2022-10-03,2022-10-04,1,flat,down,0.5909515469997835,0.2657987970292972,0.14324965597091918,0.5909515469997835,0.32515274997048627,True,False
"Tesla, Inc.",2022-10-04,2022-10-05,1,down,down,0.39396618550404605,0.30941676426442677,0.2966170502315272,0.39396618550404605,0.08454942123961928,True,True
"Tesla, Inc.",2022-10-05,2022-10-06,1,flat,down,0.4127163481817888,0.3791139665432104,0.20816968527500074,0.4127163481817888,0.03360238163857843,True,False
"Tesla, Inc.",2022-10-06,2022-10-07,1,down,flat,0.3157125357516307,0.48771896820633864,0.19656849604203053,0.3157125357516307,-0.17200643245470792,False,False
"Tesla, Inc.",2022-10-07,2022-10-10,1,flat,down,0.4674898697375729,0.30061911324182333,0.23189101702060366,0.4674898697375729,0.16687075649574956,True,False
"Tesla, Inc.",2022-10-10,2022-10-11,1,flat,down,0.487800517430237,0.33067978939431397,0.18151969317544886,0.487800517430237,0.15712072803592303,True,False
"Tesla, Inc.",2022-10-11,2022-10-12,1,flat,down,0.5013780313406307,0.2870647698011865,0.21155719885818278,0.5013780313406307,0.21431326153944424,True,False
"Tesla, Inc.",2022-10-12,2022-10-13,1,flat,down,0.48044828868805467,0.33028711043897385,0.18926460087297145,0.48044828868805467,0.15016117824908082,True,False
"Tesla, Inc.",2022-10-13,2022-10-14,1,flat,down,0.43651118798612676,0.3187718360360834,0.24471697597778996,0.43651118798612676,0.11773935195004337,True,False
"Tesla, Inc.",2022-10-14,2022-10-17,1,flat,down,0.44244713150599746,0.29181016551777395,0.2657427029762286,0.44244713150599746,0.15063696598822351,True,False
"Tesla, Inc.",2022-10-17,2022-10-18,1,flat,down,0.4530307860640196,0.32726446868062964,0.2197047452553509,0.4530307860640196,0.12576631738338995,True,False
"Tesla, Inc.",2022-10-18,2022-10-19,1,flat,flat,0.22268563694717908,0.445223001453381,0.33209136159943975,0.33209136159943975,-0.11313163985394126,False,True
"Tesla, Inc.",2022-10-19,2022-10-20,1,down,flat,0.3678108544830839,0.47191890482394716,0.16027024069296875,0.3678108544830839,-0.10410805034086323,False,False
"Tesla, Inc.",2022-10-20,2022-10-21,1,flat,down,0.4962404461555717,0.3056575126644516,0.19810204117997676,0.4962404461555717,0.1905829334911201,True,False
"Tesla, Inc.",2022-10-21,2022-10-24,1,flat,flat,0.2098130038760575,0.4731389717449087,0.3170480243790338,0.3170480243790338,-0.15609094736587492,False,True
"Tesla, Inc.",2022-10-24,2022-10-25,1,up,flat,0.33678862622371475,0.37896169557752274,0.2842496781987625,0.33678862622371475,-0.04217306935380799,False,False
"Tesla, Inc.",2022-10-25,2022-10-26,1,flat,flat,0.11637753334312087,0.48406400492630236,0.39955846173057674,0.39955846173057674,-0.08450554319572562,False,True
"Tesla, Inc.",2022-10-26,2022-10-27,1,flat,flat,0.1025651443006409,0.5848719897429914,0.3125628659563675,0.3125628659563675,-0.27230912378662386,False,True
"Tesla, Inc.",2022-10-27,2022-10-28,1,flat,flat,0.156151909510297,0.6270966054018684,0.21675148508783465,0.21675148508783465,-0.41034512031403375,False,True
"Tesla, Inc.",2022-10-28,2022-10-31,1,flat,flat,0.24228887456747564,0.5757363725026942,0.18197475292983017,0.24228887456747564,-0.33344749793521855,False,True
"Tesla, Inc.",2022-10-31,2022-11-01,1,flat,flat,0.1914122423592911,0.5984125287536589,0.21017522888704987,0.21017522888704987,-0.38823729986660904,False,True
"Tesla, Inc.",2022-11-01,2022-11-02,1,down,flat,0.12440238528212992,0.6135037668893158,0.262093847828554,0.262093847828554,-0.35140991906076186,False,False
"Tesla, Inc.",2022-11-02,2022-11-03,1,flat,flat,0.20996415430015902,0.6297664024775735,0.16026944322226727,0.20996415430015902,-0.4198022481774145,False,True
"Tesla, Inc.",2022-11-03,2022-11-04,1,flat,flat,0.17552085268316037,0.6175283330557026,0.20695081426113685,0.20695081426113685,-0.41057751879456583,False,True
"Tesla, Inc.",2022-11-04,2022-11-07,1,down,flat,0.21896831824052582,0.4629023560855895,0.31812932567388447,0.31812932567388447,-0.14477303041170503,False,False
"Tesla, Inc.",2022-11-07,2022-11-08,1,down,flat,0.33064643551599787,0.4945148956244974,0.17483866885950466,0.33064643551599787,-0.16386846010849954,False,False
"Tesla, Inc.",2022-11-08,2022-11-09,1,flat,flat,0.3233424359395526,0.4417834196326642,0.23487414442778326,0.3233424359395526,-0.11844098369311162,False,True
"Tesla, Inc.",2022-11-09,2022-11-10,1,flat,flat,0.28213007984979277,0.4448833593194528,0.27298656083075434,0.28213007984979277,-0.16275327946966,False,True
"Tesla, Inc.",2022-11-10,2022-11-11,1,flat,flat,0.22862663631218472,0.4449039791777289,0.32646938451008634,0.32646938451008634,-0.11843459466764256,False,True
"Tesla, Inc.",2022-11-11,2022-11-14,1,flat,flat,0.24849374896911552,0.46335102436985864,0.2881552266610259,0.2881552266610259,-0.17519579770883276,False,True
"Tesla, Inc.",2022-11-14,2022-11-15,1,flat,flat,0.30013703019538696,0.49680714082444555,0.20305582898016733,0.30013703019538696,-0.1966701106290586,False,True
"Tesla, Inc.",2022-11-15,2022-11-16,1,down,flat,0.2004004649739486,0.5668244753621183,0.2327750596639329,0.2327750596639329,-0.33404941569818547,False,False
"Tesla, Inc.",2022-11-16,2022-11-17,1,flat,flat,0.4014937911080995,0.4787783915093775,0.119727817382523,0.4014937911080995,-0.07728460040127799,False,True
"Tesla, Inc.",2022-11-17,2022-11-18,1,flat,flat,0.36152527715505217,0.4847555629789082,0.15371915986603968,0.36152527715505217,-0.12323028582385603,False,True
"Tesla, Inc.",2022-11-18,2022-11-21,1,down,flat,0.2857969004427206,0.4747828943287742,0.2394202052285052,0.2857969004427206,-0.18898599388605358,False,False
"Tesla, Inc.",2022-11-21,2022-11-22,1,flat,flat,0.3794349238238675,0.4100673380729201,0.21049773810321243,0.3794349238238675,-0.03063241424905261,False,True
"Tesla, Inc.",2022-11-22,2022-11-23,1,up,flat,0.25362785487850514,0.45874052101406865,0.28763162410742615,0.28763162410742615,-0.1711088969066425,False,False
"Tesla, Inc.",2022-11-23,2022-11-25,1,flat,up,0.14141084277048516,0.392505949985208,0.46608320724430674,0.46608320724430674,0.07357725725909875,True,False
"Tesla, Inc.",2022-11-25,2022-11-28,1,flat,flat,0.19234176110574802,0.5717408354659196,0.23591740342833245,0.23591740342833245,-0.33582343203758713,False,True
"Tesla, Inc.",2022-11-28,2022-11-29,1,flat,flat,0.332174605439454,0.42701385785410556,0.24081153670644037,0.332174605439454,-0.09483925241465158,False,True
"Tesla, Inc.",2022-11-29,2022-11-30,1,flat,flat,0.3222653979464886,0.44574410310199214,0.2319904989515192,0.3222653979464886,-0.12347870515550352,False,True
"Tesla, Inc.",2022-11-30,2022-12-01,1,up,up,0.19993025431597128,0.38683599811994257,0.4132337475640861,0.4132337475640861,0.026397749444143526,True,True
"Tesla, Inc.",2022-12-01,2022-12-02,1,flat,flat,0.15848961873190126,0.5433281913106904,0.2981821899574083,0.2981821899574083,-0.24514600135328213,False,True
"Tesla, Inc.",2022-12-02,2022-12-05,1,down,flat,0.27106807594267,0.547275213356816,0.181656710700514,0.27106807594267,-0.27620713741414593,False,False
"Tesla, Inc.",2022-12-05,2022-12-06,1,down,flat,0.3280099025388252,0.46811854939961406,0.20387154806156066,0.3280099025388252,-0.14010864686078883,False,False
"Tesla, Inc.",2022-12-06,2022-12-07,1,down,flat,0.28025986873333786,0.4813639731003786,0.23837615816628344,0.28025986873333786,-0.20110410436704074,False,False
"Tesla, Inc.",2022-12-07,2022-12-08,1,flat,flat,0.2738409729931853,0.49324625941501965,0.23291276759179494,0.2738409729931853,-0.21940528642183432,False,True
"Tesla, Inc.",2022-12-08,2022-12-09,1,flat,flat,0.28763158318333715,0.4687222748901814,0.24364614192648143,0.28763158318333715,-0.18109069170684428,False,True
"Tesla, Inc.",2022-12-09,2022-12-12,1,down,flat,0.15751841329079208,0.5141463779441036,0.3283352087651042,0.3283352087651042,-0.18581116917899937,False,False
"Tesla, Inc.",2022-12-12,2022-12-13,1,down,flat,0.35259832633640537,0.4098355221824801,0.23756615148111454,0.35259832633640537,-0.05723719584607473,False,False
"Tesla, Inc.",2022-12-13,2022-12-14,1,down,down,0.4756395190000727,0.303110825098353,0.22124965590157425,0.4756395190000727,0.17252869390171965,True,True
"Tesla, Inc.",2022-12-14,2022-12-15,1,flat,down,0.46702613908932655,0.3723051653765531,0.16066869553412033,0.46702613908932655,0.09472097371277344,True,False
"Tesla, Inc.",2022-12-15,2022-12-16,1,flat,flat,0.3653491942515541,0.40895525402858995,0.2256955517198559,0.3653491942515541,-0.043606059777035855,False,True
"Tesla, Inc.",2022-12-16,2022-12-19,1,flat,flat,0.3338678963578339,0.3921019194623926,0.27403018417977354,0.3338678963578339,-0.05823402310455866,False,True
"Tesla, Inc.",2022-12-19,2022-12-20,1,down,flat,0.328873304139943,0.41676637821246026,0.25436031764759653,0.328873304139943,-0.08789307407251729,False,False
"Tesla, Inc.",2022-12-20,2022-12-21,1,flat,down,0.43031641158892736,0.3537415594778252,0.21594202893324727,0.43031641158892736,0.07657485211110215,True,False
"Tesla, Inc.",2022-12-21,2022-12-22,1,down,down,0.3763333657893961,0.3707203675048443,0.2529462667057595,0.3763333657893961,0.005612998284551807,True,True
"Tesla, Inc.",2022-12-22,2022-12-23,1,down,down,0.4789963370799136,0.3024890431380386,0.21851461978204778,0.4789963370799136,0.17650729394187503,True,True
"Tesla, Inc.",2022-12-23,2022-12-27,1,down,down,0.40743789754423587,0.3553658643027714,0.23719623815299254,0.40743789754423587,0.05207203324146448,True,True
"Tesla, Inc.",2022-12-27,2022-12-28,1,flat,down,0.4974337307685076,0.2965185857259691,0.20604768350552324,0.4974337307685076,0.2009151450425385,True,False
"Tesla, Inc.",2022-12-28,2022-12-29,1,up,down,0.347293016314716,0.3285469249059725,0.3241600587793114,0.347293016314716,0.018746091408743504,True,False
"Tesla, Inc.",2022-12-29,2022-12-30,1,flat,up,0.11667548051086854,0.42054618205969396,0.46277833742943747,0.46277833742943747,0.04223215536974351,True,False
"Tesla, Inc.",2022-12-30,2023-01-03,1,down,flat,0.32113644962311855,0.42843158714426277,0.2504319632326186,0.32113644962311855,-0.10729513752114422,False,False
"Tesla, Inc.",2023-01-03,2023-01-04,1,flat,down,0.555509677519847,0.30461369575247055,0.13987662672768242,0.555509677519847,0.2508959817673765,True,False
"Tesla, Inc.",2023-01-04,2023-01-05,1,flat,flat,0.3593528144976288,0.3895450932040717,0.2511020922982994,0.3593528144976288,-0.03019227870644292,False,True
"Tesla, Inc.",2023-01-05,2023-01-06,1,flat,flat,0.3649434514321571,0.41995183474387027,0.21510471382397253,0.3649434514321571,-0.05500838331171315,False,True
"Tesla, Inc.",2023-01-06,2023-01-09,1,up,down,0.39922259812278216,0.3498289682742743,0.25094843360294367,0.39922259812278216,0.04939362984850787,True,False
"Tesla, Inc.",2023-01-09,2023-01-10,1,flat,flat,0.053362835335901485,0.4848361284654087,0.4618010361986896,0.4618010361986896,-0.02303509226671907,False,True
"Tesla, Inc.",2023-01-10,2023-01-11,1,flat,flat,0.2337632214062273,0.5327434171824028,0.23349336141136964,0.2337632214062273,-0.2989801957761755,False,True
"Tesla, Inc.",2023-01-11,2023-01-12,1,flat,flat,0.16194394266331624,0.46023917732206987,0.3778168800146138,0.3778168800146138,-0.0824222973074561,False,True
"Tesla, Inc.",2023-01-12,2023-01-13,1,flat,flat,0.28318054862468184,0.5094487195866622,0.20737073178865584,0.28318054862468184,-0.22626817096198032,False,True
"Tesla, Inc.",2023-01-13,2023-01-17,1,up,flat,0.30830608625708095,0.5108606018488101,0.18083331189410895,0.30830608625708095,-0.20255451559172916,False,False
"Tesla, Inc.",2023-01-17,2023-01-18,1,flat,flat,0.07458262189100134,0.49958917578414663,0.425828202324852,0.425828202324852,-0.07376097345929461,False,True
"Tesla, Inc.",2023-01-18,2023-01-19,1,down,flat,0.11937321495121346,0.5682352946630649,0.3123914903857216,0.3123914903857216,-0.25584380427734327,False,False
"Tesla, Inc.",2023-01-19,2023-01-20,1,flat,flat,0.23514367205885944,0.601417332432364,0.1634389955087766,0.23514367205885944,-0.3662736603735045,False,True
"Tesla, Inc.",2023-01-20,2023-01-23,1,up,flat,0.09406768845643615,0.603400591100617,0.3025317204429468,0.3025317204429468,-0.30086887065767015,False,False
"Tesla, Inc.",2023-01-23,2023-01-24,1,flat,flat,0.10892142702248815,0.46731164781657086,0.42376692516094105,0.42376692516094105,-0.04354472265562981,False,True
"Tesla, Inc.",2023-01-24,2023-01-25,1,flat,flat,0.13318303546435917,0.5409271269947675,0.32588983754087336,0.32588983754087336,-0.21503728945389416,False,True
"Tesla, Inc.",2023-01-25,2023-01-26,1,up,flat,0.21104332735306655,0.5492642939969455,0.23969237864998805,0.23969237864998805,-0.3095719153469575,False,False
"Tesla, Inc.",2023-01-26,2023-01-27,1,up,up,0.10073973050800512,0.3599239219760084,0.5393363475159864,0.5393363475159864,0.17941242553997794,True,True
"Tesla, Inc.",2023-01-27,2023-01-30,1,flat,up,0.1627407224712032,0.332413433969032,0.5048458435597647,0.5048458435597647,0.1724324095907327,True,False
"Tesla, Inc.",2023-01-30,2023-01-31,1,flat,flat,0.3094147854677579,0.352533587700647,0.33805162683159523,0.33805162683159523,-0.014481960869051791,False,True
"Tesla, Inc.",2023-01-31,2023-02-01,1,up,flat,0.3319705213368184,0.429431785668834,0.23859769299434744,0.3319705213368184,-0.09746126433201557,False,False
"Tesla, Inc.",2023-02-01,2023-02-02,1,up,up,0.18277233474917032,0.3703571075960933,0.44687055765473627,0.44687055765473627,0.07651345005864296,True,True
"Tesla, Inc.",2023-02-02,2023-02-03,1,flat,up,0.1344944620507852,0.36499836459344487,0.5005071733557698,0.5005071733557698,0.1355088087623249,True,False
"Tesla, Inc.",2023-02-03,2023-02-06,1,flat,flat,0.24448858700368492,0.40490728926776354,0.35060412372855143,0.35060412372855143,-0.054303165539212106,False,True
"Tesla, Inc.",2023-02-06,2023-02-07,1,flat,flat,0.1479239566805488,0.46324532959056997,0.38883071372888095,0.38883071372888095,-0.07441461586168902,False,True
"Tesla, Inc.",2023-02-07,2023-02-08,1,flat,flat,0.3186842437465207,0.3471308651865713,0.33418489106690796,0.33418489106690796,-0.012945974119663362,False,True
"Tesla, Inc.",2023-02-08,2023-02-09,1,up,flat,0.27392873368523407,0.3806293128293537,0.3454419534854122,0.3454419534854122,-0.035187359343941516,False,False
"Tesla, Inc.",2023-02-09,2023-02-10,1,down,up,0.14146866699989094,0.41510511402204814,0.4434262189780609,0.4434262189780609,0.028321104956012755,True,False
"Tesla, Inc.",2023-02-10,2023-02-13,1,down,down,0.41665216313814035,0.39763550570752876,0.18571233115433083,0.41665216313814035,0.019016657430611594,True,True
"Tesla, Inc.",2023-02-13,2023-02-14,1,flat,flat,0.3011826191828536,0.49883428260730134,0.19998309820984497,0.3011826191828536,-0.19765166342444773,False,True
"Tesla, Inc.",2023-02-14,2023-02-15,1,up,flat,0.13268541073406026,0.4775289993232458,0.38978558994269386,0.38978558994269386,-0.08774340938055192,False,False
"Tesla, Inc.",2023-02-15,2023-02-16,1,flat,flat,0.13610861523931617,0.538873787683614,0.32501759707706956,0.32501759707706956,-0.21385619060654448,False,True
"Tesla, Inc.",2023-02-16,2023-02-17,1,flat,flat,0.368426217442944,0.41954049557300754,0.21203328698404827,0.368426217442944,-0.05111427813006353,False,True
"Tesla, Inc.",2023-02-17,2023-02-21,1,flat,flat,0.28626293128645974,0.5280666254695203,0.1856704432440198,0.28626293128645974,-0.24180369418306058,False,True
"Tesla, Inc.",2023-02-21,2023-02-22,1,flat,flat,0.2698122843349419,0.5325558781740873,0.19763183749097069,0.2698122843349419,-0.2627435938391454,False,True
"Tesla, Inc.",2023-02-22,2023-02-23,1,flat,flat,0.3373948469769733,0.4799691285872437,0.18263602443578297,0.3373948469769733,-0.14257428161027041,False,True
"Tesla, Inc.",2023-02-23,2023-02-24,1,down,flat,0.1389249960277919,0.6150065964425606,0.24606840752964754,0.24606840752964754,-0.3689381889129131,False,False
"Tesla, Inc.",2023-02-24,2023-02-27,1,up,flat,0.2700311539195045,0.5830565896393229,0.1469122564411725,0.2700311539195045,-0.31302543571981845,False,False
"Tesla, Inc.",2023-02-27,2023-02-28,1,flat,flat,0.0857893969571996,0.5704520286626756,0.3437585743801247,0.3437585743801247,-0.22669345428255094,False,True
"Tesla, Inc.",2023-02-28,2023-03-01,1,flat,flat,0.16239367986925332,0.5855331086737512,0.25207321145699535,0.25207321145699535,-0.33345989721675584,False,True
"Tesla, Inc.",2023-03-01,2023-03-02,1,down,flat,0.3069366656908131,0.5565493045420838,0.1365140297671031,0.3069366656908131,-0.24961263885127072,False,False
"Tesla, Inc.",2023-03-02,2023-03-03,1,up,flat,0.3388063812210065,0.48606566730132406,0.1751279514776695,0.3388063812210065,-0.14725928608031758,False,False
"Tesla, Inc.",2023-03-03,2023-03-06,1,flat,flat,0.11088729565092179,0.6092438441876955,0.2798688601613827,0.2798688601613827,-0.3293749840263128,False,True
"Tesla, Inc.",2023-03-06,2023-03-07,1,down,flat,0.2217126328494737,0.6168901500723227,0.16139721707820365,0.2217126328494737,-0.395177517222849,False,False
"Tesla, Inc.",2023-03-07,2023-03-08,1,down,flat,0.27169125526365623,0.5436345087107085,0.18467423602563515,0.27169125526365623,-0.2719432534470523,False,False
"Tesla, Inc.",2023-03-08,2023-03-09,1,down,flat,0.2353246465658474,0.571073829655402,0.19360152377875073,0.2353246465658474,-0.3357491830895546,False,False
"Tesla, Inc.",2023-03-09,2023-03-10,1,flat,flat,0.30957772577799,0.4654686855796733,0.22495358864233664,0.30957772577799,-0.15589095980168333,False,True
"Tesla, Inc.",2023-03-10,2023-03-13,1,flat,flat,0.3643674028484711,0.416284813684692,0.21934778346683692,0.3643674028484711,-0.05191741083622092,False,True
"Tesla, Inc.",2023-03-13,2023-03-14,1,up,flat,0.2915773160149674,0.5146103800109104,0.19381230397412225,0.2915773160149674,-0.22303306399594303,False,False
"Tesla, Inc.",2023-03-14,2023-03-15,1,flat,flat,0.1058649530470065,0.610486070881532,0.28364897607146144,0.28364897607146144,-0.3268370948100705,False,True
"Tesla, Inc.",2023-03-15,2023-03-16,1,flat,flat,0.2801430236823037,0.5342168998352382,0.18564007648245817,0.2801430236823037,-0.25407387615293453,False,True
"Tesla, Inc.",2023-03-16,2023-03-17,1,flat,flat,0.2225040510595136,0.5821036272318577,0.1953923217086287,0.2225040510595136,-0.3595995761723441,False,True
"Tesla, Inc.",2023-03-17,2023-03-20,1,flat,flat,0.3482146615175356,0.4404745488339905,0.2113107896484739,0.3482146615175356,-0.0922598873164549,False,True
"Tesla, Inc.",2023-03-20,2023-03-21,1,up,flat,0.36004060907066543,0.4535142322469746,0.18644515868235995,0.36004060907066543,-0.0934736231763092,False,False
"Tesla, Inc.",2023-03-21,2023-03-22,1,flat,flat,0.10073489714905295,0.48002804143843075,0.41923706141251627,0.41923706141251627,-0.06079098002591449,False,True
"Tesla, Inc.",2023-03-22,2023-03-23,1,flat,flat,0.18093355996798038,0.5766294679504745,0.24243697208154508,0.24243697208154508,-0.33419249586892946,False,True
"Tesla, Inc.",2023-03-23,2023-03-24,1,flat,flat,0.234626369106691,0.5362008094612047,0.2291728214321042,0.234626369106691,-0.30157444035451375,False,True
"Tesla, Inc.",2023-03-24,2023-03-27,1,flat,flat,0.2944007258009814,0.48835408318790746,0.2172451910111111,0.2944007258009814,-0.19395335738692604,False,True
"Tesla, Inc.",2023-03-27,2023-03-28,1,flat,flat,0.20297895603822871,0.514949597627079,0.2820714463346923,0.2820714463346923,-0.23287815129238676,False,True
"Tesla, Inc.",2023-03-28,2023-03-29,1,flat,flat,0.29483820473613165,0.528151968149632,0.1770098271142364,0.29483820473613165,-0.2333137634135003,False,True
"Tesla, Inc.",2023-03-29,2023-03-30,1,flat,flat,0.17906642105948134,0.5299327899326015,0.2910007890079171,0.2910007890079171,-0.23893200092468442,False,True
"Tesla, Inc.",2023-03-30,2023-03-31,1,up,flat,0.15989039832649593,0.5965105296930633,0.24359907198044062,0.24359907198044062,-0.35291145771262267,False,False
"Tesla, Inc.",2023-03-31,2023-04-03,1,down,up,0.12990995449984927,0.38755589916716426,0.4825341463329865,0.4825341463329865,0.09497824716582226,True,False
"Tesla, Inc.",2023-04-03,2023-04-04,1,flat,flat,0.3708176331265708,0.4346833045399553,0.19449906233347386,0.3708176331265708,-0.0638656714133845,False,True
"Tesla, Inc.",2023-04-04,2023-04-05,1,down,flat,0.30845912732952735,0.512105624008425,0.17943524866204752,0.30845912732952735,-0.20364649667889761,False,False
"Tesla, Inc.",2023-04-05,2023-04-06,1,flat,flat,0.3385589811524857,0.4814229676406909,0.18001805120682332,0.3385589811524857,-0.1428639864882052,False,True
"Tesla, Inc.",2023-04-06,2023-04-10,1,flat,flat,0.284257583859286,0.5064539452262153,0.20928847091449868,0.284257583859286,-0.22219636136692933,False,True
"Tesla, Inc.",2023-04-10,2023-04-11,1,up,flat,0.25254326484051315,0.5003693200904542,0.2470874150690327,0.25254326484051315,-0.24782605524994106,False,False
"Tesla, Inc.",2023-04-11,2023-04-12,1,flat,flat,0.142763472611124,0.5807683401365024,0.27646818725237365,0.27646818725237365,-0.3043001528841287,False,True
"Tesla, Inc.",2023-04-12,2023-04-13,1,flat,flat,0.3272885023367498,0.4553750421870139,0.21733645547623642,0.3272885023367498,-0.12808653985026414,False,True
"Tesla, Inc.",2023-04-13,2023-04-14,1,flat,flat,0.2900622035429356,0.5369806580018569,0.17295713845520738,0.2900622035429356,-0.2469184544589213,False,True
"Tesla, Inc.",2023-04-14,2023-04-17,1,flat,flat,0.31299566677920676,0.48450590329325266,0.20249842992754047,0.31299566677920676,-0.1715102365140459,False,True
"Tesla, Inc.",2023-04-17,2023-04-18,1,flat,flat,0.2575782827798331,0.5173462696907041,0.22507544752946276,0.2575782827798331,-0.259767986910871,False,True
"Tesla, Inc.",2023-04-18,2023-04-19,1,down,flat,0.2954969222902298,0.5087489135755809,0.1957541641341891,0.2954969222902298,-0.21325199128535116,False,False
"Tesla, Inc.",2023-04-19,2023-04-20,1,down,flat,0.37982199592483157,0.40160865888892916,0.21856934518623922,0.37982199592483157,-0.02178666296409759,False,False
"Tesla, Inc.",2023-04-20,2023-04-21,1,flat,down,0.508445941731688,0.32500264853709704,0.16655140973121502,0.508445941731688,0.18344329319459096,True,False
"Tesla, Inc.",2023-04-21,2023-04-24,1,flat,flat,0.23647568664561253,0.46952926829406305,0.2939950450603242,0.2939950450603242,-0.17553422323373885,False,True
"Tesla, Inc.",2023-04-24,2023-04-25,1,flat,flat,0.32763191087390287,0.43064982703683685,0.24171826208926017,0.32763191087390287,-0.10301791616293399,False,True
"Tesla, Inc.",2023-04-25,2023-04-26,1,flat,flat,0.3082772492230099,0.4833370901897745,0.2083856605872153,0.3082772492230099,-0.17505984096676458,False,True
"Tesla, Inc.",2023-04-26,2023-04-27,1,flat,down,0.3792026420393434,0.3754223913116387,0.24537496664901787,0.3792026420393434,0.003780250727704715,True,False
"Tesla, Inc.",2023-04-27,2023-04-28,1,up,flat,0.3408043410583685,0.4377443150598086,0.22145134388182275,0.3408043410583685,-0.09693997400144011,False,False
"Tesla, Inc.",2023-04-28,2023-05-01,1,flat,flat,0.24692569927757335,0.47344820034387625,0.2796261003785503,0.2796261003785503,-0.19382209996532596,False,True
"Tesla, Inc.",2023-05-01,2023-05-02,1,flat,flat,0.3588157733556754,0.42128898045884616,0.21989524618547818,0.3588157733556754,-0.06247320710317078,False,True
"Tesla, Inc.",2023-05-02,2023-05-03,1,flat,flat,0.3394906459392184,0.4148014194126763,0.2457079346481053,0.3394906459392184,-0.07531077347345788,False,True
"Tesla, Inc.",2023-05-03,2023-05-04,1,flat,flat,0.3245688313336053,0.4166730843599315,0.2587580843064632,0.3245688313336053,-0.09210425302632619,False,True
"Tesla, Inc.",2023-05-04,2023-05-05,1,up,flat,0.3079134500410759,0.43396632847694583,0.2581202214819782,0.3079134500410759,-0.12605287843586993,False,False
"Tesla, Inc.",2023-05-05,2023-05-08,1,up,flat,0.1642233526059851,0.5036162467655789,0.33216040062843594,0.33216040062843594,-0.171455846137143,False,False
"Tesla, Inc.",2023-05-08,2023-05-09,1,flat,flat,0.16190309659913055,0.5079550304617948,0.3301418729390746,0.3301418729390746,-0.1778131575227202,False,True
"Tesla, Inc.",2023-05-09,2023-05-10,1,flat,flat,0.32773033983470085,0.5010374017443595,0.17123225842093948,0.32773033983470085,-0.17330706190965867,False,True
"Tesla, Inc.",2023-05-10,2023-05-11,1,flat,flat,0.22421167012142393,0.44630854111769613,0.3294797887608799,0.3294797887608799,-0.11682875235681622,False,True
"Tesla, Inc.",2023-05-11,2023-05-12,1,flat,flat,0.3113042278222535,0.4424423084685051,0.24625346370924134,0.3113042278222535,-0.1311380806462516,False,True
"Tesla, Inc.",2023-05-12,2023-05-15,1,down,flat,0.22238214601713013,0.40913441301761466,0.36848344096525515,0.36848344096525515,-0.04065097205235951,False,False
"Tesla, Inc.",2023-05-15,2023-05-16,1,flat,flat,0.30865417616538726,0.49992694326916026,0.19141888056545242,0.30865417616538726,-0.191272767103773,False,True
"Tesla, Inc.",2023-05-16,2023-05-17,1,up,flat,0.26042438534425166,0.5135331629615515,0.22604245169419673,0.26042438534425166,-0.25310877761729983,False,False
"Tesla, Inc.",2023-05-17,2023-05-18,1,up,flat,0.21317962412901473,0.46667284054642477,0.3201475353245605,0.3201475353245605,-0.1465253052218643,False,False
"Tesla, Inc.",2023-05-18,2023-05-19,1,flat,flat,0.1886052731563736,0.498878364052884,0.3125163627907426,0.3125163627907426,-0.18636200126214142,False,True
"Tesla, Inc.",2023-05-19,2023-05-22,1,up,flat,0.19616504442884408,0.47583161566981436,0.3280033399013417,0.3280033399013417,-0.14782827576847268,False,False
"Tesla, Inc.",2023-05-22,2023-05-23,1,flat,flat,0.15796398520502636,0.43752506472367736,0.4045109500712962,0.4045109500712962,-0.03301411465238113,False,True
"Tesla, Inc.",2023-05-23,2023-05-24,1,down,flat,0.23218539665457427,0.4060362546863644,0.36177834865906133,0.36177834865906133,-0.04425790602730306,False,False
"Tesla, Inc.",2023-05-24,2023-05-25,1,flat,down,0.4268009019734229,0.37752578225892597,0.19567331576765118,0.4268009019734229,0.04927511971449694,True,False
"Tesla, Inc.",2023-05-25,2023-05-26,1,up,flat,0.19792343423620756,0.4678084817927952,0.33426808397099717,0.33426808397099717,-0.13354039782179805,False,False
"Tesla, Inc.",2023-05-26,2023-05-30,1,up,up,0.14332888723996445,0.305440140061879,0.5512309726981566,0.5512309726981566,0.2457908326362776,True,True
"Tesla, Inc.",2023-05-30,2023-05-31,1,flat,flat,0.10855430152144581,0.4577134134130006,0.4337322850655536,0.4337322850655536,-0.02398112834744698,False,True
"Tesla, Inc.",2023-05-31,2023-06-01,1,flat,flat,0.2819148509795357,0.40255441493803645,0.3155307340824279,0.3155307340824279,-0.08702368085560858,False,True
"Tesla, Inc.",2023-06-01,2023-06-02,1,up,flat,0.19097349092337812,0.41254722645579267,0.39647928262082927,0.39647928262082927,-0.016067943834963405,False,False
"Tesla, Inc.",2023-06-02,2023-06-05,1,up,up,0.1728293897366103,0.3210465643360057,0.506124045927384,0.506124045927384,0.18507748159137832,True,True
"Tesla, Inc.",2023-06-05,2023-06-06,1,flat,up,0.22288510474382306,0.35920318518038075,0.4179117100757961,0.4179117100757961,0.05870852489541534,True,False
"Tesla, Inc.",2023-06-06,2023-06-07,1,up,flat,0.3082387239030252,0.38010153336715463,0.31165974272982017,0.31165974272982017,-0.06844179063733447,False,False
"Tesla, Inc.",2023-06-07,2023-06-08,1,flat,up,0.14092215242527323,0.31523216513786273,0.543845682436864,0.543845682436864,0.2286135172990013,True,False
"Tesla, Inc.",2023-06-08,2023-06-09,1,up,up,0.2674355462861949,0.35513602259111715,0.37742843112268787,0.37742843112268787,0.022292408531570718,True,True
"Tesla, Inc.",2023-06-09,2023-06-12,1,flat,up,0.17631512118835074,0.2560208738589018,0.5676640049527474,0.5676640049527474,0.31164313109384556,True,False
"Tesla, Inc.",2023-06-12,2023-06-13,1,up,down,0.3401101793756448,0.32725340083385834,0.33263641979049674,0.3401101793756448,0.012856778541786462,True,False
"Tesla, Inc.",2023-06-13,2023-06-14,1,flat,up,0.2880578859215241,0.24421336723119139,0.4677287468472845,0.4677287468472845,0.2235153796160931,True,False
"Tesla, Inc.",2023-06-14,2023-06-15,1,flat,up,0.3673927073284333,0.25600169825742675,0.37660559441414,0.37660559441414,0.12060389615671324,True,False
"Tesla, Inc.",2023-06-15,2023-06-16,1,up,down,0.4110971411801933,0.3440898386782408,0.24481302014156592,0.4110971411801933,0.06700730250195253,True,False
"Tesla, Inc.",2023-06-16,2023-06-20,1,up,up,0.23129738814030637,0.339112115930333,0.4295904959293606,0.4295904959293606,0.09047837999902758,True,True
"Tesla, Inc.",2023-06-20,2023-06-21,1,flat,up,0.2892132716042589,0.33878900472072265,0.37199772367501843,0.37199772367501843,0.03320871895429578,True,False
"Tesla, Inc.",2023-06-21,2023-06-22,1,down,down,0.38621139548378336,0.34927772100546695,0.2645108835107497,0.38621139548378336,0.036933674478316414,True,True
"Tesla, Inc.",2023-06-22,2023-06-23,1,flat,flat,0.3670192962370465,0.4194027550345123,0.21357794872844124,0.3670192962370465,-0.05238345879746581,False,True
"Tesla, Inc.",2023-06-23,2023-06-26,1,down,down,0.3877974177700202,0.3501519958824723,0.26205058634750766,0.3877974177700202,0.03764542188754788,True,True
"Tesla, Inc.",2023-06-26,2023-06-27,1,flat,down,0.43919199653180296,0.38475384676856716,0.1760541566996297,0.43919199653180296,0.0544381497632358,True,False
"Tesla, Inc.",2023-06-27,2023-06-28,1,flat,flat,0.31738983368293017,0.4792675871844052,0.20334257913266476,0.31738983368293017,-0.16187775350147504,False,True
"Tesla, Inc.",2023-06-28,2023-06-29,1,flat,flat,0.27152177824132073,0.4374353845437945,0.29104283721488466,0.29104283721488466,-0.14639254732890983,False,True
"Tesla, Inc.",2023-06-29,2023-06-30,1,flat,flat,0.3279791327272832,0.4674803384910351,0.20454052878168166,0.3279791327272832,-0.1395012057637519,False,True
"Tesla, Inc.",2023-06-30,2023-07-03,1,up,flat,0.29562793202768,0.4719869695516513,0.2323850984206688,0.29562793202768,-0.1763590375239713,False,False
"Tesla, Inc.",2023-07-03,2023-07-05,1,flat,flat,0.23638775930650482,0.41710657197138357,0.3465056687221117,0.3465056687221117,-0.07060090324927187,False,True
"Tesla, Inc.",2023-07-05,2023-07-06,1,flat,down,0.3948155462653111,0.39342884360511293,0.211755610129576,0.3948155462653111,0.0013867026601981913,True,False
"Tesla, Inc.",2023-07-06,2023-07-07,1,flat,flat,0.3108670655765023,0.46497818897181875,0.22415474545167902,0.3108670655765023,-0.15411112339531646,False,True
"Tesla, Inc.",2023-07-07,2023-07-10,1,flat,flat,0.24637131317961228,0.4690632230812295,0.2845654637391582,0.2845654637391582,-0.1844977593420713,False,True
"Tesla, Inc.",2023-07-10,2023-07-11,1,flat,flat,0.2472646967576701,0.5288673906794357,0.2238679125628943,0.2472646967576701,-0.28160269392176557,False,True
"Tesla, Inc.",2023-07-11,2023-07-12,1,flat,flat,0.2028966944304924,0.5566555270305598,0.24044777853894797,0.24044777853894797,-0.3162077484916118,False,True
"Tesla, Inc.",2023-07-12,2023-07-13,1,flat,flat,0.174892008814449,0.5168101378903615,0.3082978532951894,0.3082978532951894,-0.20851228459517207,False,True
"Tesla, Inc.",2023-07-13,2023-07-14,1,flat,flat,0.2893764022255041,0.4642594927687115,0.2463641050057844,0.2893764022255041,-0.1748830905432074,False,True
"Tesla, Inc.",2023-07-14,2023-07-17,1,up,flat,0.28320926875250263,0.43738881511141525,0.2794019161360821,0.28320926875250263,-0.15417954635891262,False,False
"Tesla, Inc.",2023-07-17,2023-07-18,1,flat,flat,0.29922082918381887,0.4047513969594936,0.29602777385668744,0.29922082918381887,-0.10553056777567471,False,True
"Tesla, Inc.",2023-07-18,2023-07-19,1,flat,flat,0.34880162009522425,0.4113341651692196,0.23986421473555614,0.34880162009522425,-0.06253254507399536,False,True
"Tesla, Inc.",2023-07-19,2023-07-20,1,down,flat,0.3452370232113068,0.3746049423984214,0.28015803439027176,0.3452370232113068,-0.02936791918711462,False,False
"Tesla, Inc.",2023-07-20,2023-07-21,1,down,down,0.46142699053089437,0.3827635893269264,0.15580942014217913,0.46142699053089437,0.07866340120396798,True,True
"Tesla, Inc.",2023-07-21,2023-07-24,1,flat,flat,0.30854767607921263,0.4541596903523513,0.2372926335684359,0.30854767607921263,-0.1456120142731387,False,True
"Tesla, Inc.",2023-07-24,2023-07-25,1,up,flat,0.32797676740206616,0.4152946359445667,0.25672859665336695,0.32797676740206616,-0.08731786854250057,False,False
"Tesla, Inc.",2023-07-25,2023-07-26,1,flat,flat,0.29801633324917143,0.4173489978310072,0.28463466891982137,0.29801633324917143,-0.11933266458183578,False,True
"Tesla, Inc.",2023-07-26,2023-07-27,1,flat,flat,0.2897230286922615,0.5455795778625646,0.1646973934451738,0.2897230286922615,-0.2558565491703031,False,True
"Tesla, Inc.",2023-07-27,2023-07-28,1,flat,flat,0.35140032506743024,0.4806920453385838,0.16790762959398595,0.35140032506743024,-0.12929172027115354,False,True
"Tesla, Inc.",2023-07-28,2023-07-31,1,flat,down,0.4915715031431361,0.3315150960857077,0.17691340077115633,0.4915715031431361,0.1600564070574284,True,False
"Tesla, Inc.",2023-07-31,2023-08-01,1,flat,down,0.39713761583653706,0.36564842639058265,0.2372139577728803,0.39713761583653706,0.03148918944595441,True,False
"Tesla, Inc.",2023-08-01,2023-08-02,1,down,flat,0.4272064845703862,0.43452776461922504,0.13826575081038883,0.4272064845703862,-0.007321280048838863,False,False
"Tesla, Inc.",2023-08-02,2023-08-03,1,flat,flat,0.3725565059874483,0.47730440646562744,0.1501390875469243,0.3725565059874483,-0.10474790047817911,False,True
"Tesla, Inc.",2023-08-03,2023-08-04,1,flat,flat,0.3815190449689414,0.39275905119420096,0.2257219038368577,0.3815190449689414,-0.011240006225259558,False,True
"Tesla, Inc.",2023-08-04,2023-08-07,1,down,down,0.3933799992718646,0.3525420601263476,0.25407794060178773,0.3933799992718646,0.04083793914551703,True,True
"Tesla, Inc.",2023-08-07,2023-08-08,1,flat,flat,0.40176968256651213,0.45131085641083446,0.14691946102265335,0.40176968256651213,-0.04954117384432233,False,True
"Tesla, Inc.",2023-08-08,2023-08-09,1,flat,flat,0.32853153333170776,0.47932458946523765,0.19214387720305462,0.32853153333170776,-0.1507930561335299,False,True
"Tesla, Inc.",2023-08-09,2023-08-10,1,flat,flat,0.39811718136807484,0.4218062431709382,0.18007657546098693,0.39811718136807484,-0.023689061802863343,False,True
"Tesla, Inc.",2023-08-10,2023-08-11,1,down,down,0.4570093287303528,0.3490736987225104,0.19391697254713683,0.4570093287303528,0.10793563000784245,True,True
"Tesla, Inc.",2023-08-11,2023-08-14,1,flat,down,0.43028745138496505,0.4139773745572773,0.15573517405775766,0.43028745138496505,0.01631007682768776,True,False
"Tesla, Inc.",2023-08-14,2023-08-15,1,flat,down,0.42797216339155,0.41944439047096993,0.1525834461374801,0.42797216339155,0.008527772920580046,True,False
"Tesla, Inc.",2023-08-15,2023-08-16,1,down,down,0.41395395534472934,0.40300163692003255,0.18304440773523808,0.41395395534472934,0.010952318424696794,True,True
"Tesla, Inc.",2023-08-16,2023-08-17,1,down,down,0.4969190060535844,0.34844287912047445,0.15463811482594114,0.4969190060535844,0.14847612693310996,True,True
"Tesla, Inc.",2023-08-17,2023-08-18,1,down,down,0.4423774969693207,0.3302722773708183,0.22735022565986107,0.4423774969693207,0.11210521959850239,True,True
"Tesla, Inc.",2023-08-18,2023-08-21,1,up,down,0.45072989532561414,0.2964361775491237,0.2528339271252623,0.45072989532561414,0.15429371777649042,True,False
"Tesla, Inc.",2023-08-21,2023-08-22,1,up,flat,0.29212040108121595,0.35721113785472597,0.3506684610640581,0.3506684610640581,-0.0065426767906678895,False,False
"Tesla, Inc.",2023-08-22,2023-08-23,1,flat,flat,0.27381609370342125,0.4313212070845014,0.2948626992120773,0.2948626992120773,-0.13645850787242408,False,True
"Tesla, Inc.",2023-08-23,2023-08-24,1,flat,flat,0.37474002264298634,0.4788009652580245,0.14645901209898904,0.37474002264298634,-0.10406094261503818,False,True
"Tesla, Inc.",2023-08-24,2023-08-25,1,flat,flat,0.3711261964530755,0.4086142360054743,0.22025956754145024,0.3711261964530755,-0.03748803955239882,False,True
"Tesla, Inc.",2023-08-25,2023-08-28,1,flat,down,0.39735113756116003,0.3784679532779599,0.2241809091608802,0.39735113756116003,0.018883184283200127,True,False
"Tesla, Inc.",2023-08-28,2023-08-29,1,up,flat,0.23706193522126812,0.4640356719325686,0.29890239284616327,0.29890239284616327,-0.16513327908640535,False,False
"Tesla, Inc.",2023-08-29,2023-08-30,1,up,flat,0.17075545458194016,0.4455822265259139,0.3836623188921458,0.3836623188921458,-0.06191990763376809,False,False
"Tesla, Inc.",2023-08-30,2023-08-31,1,flat,flat,0.15415983938373012,0.5167970923883671,0.32904306822790264,0.32904306822790264,-0.1877540241604645,False,True
"Tesla, Inc.",2023-08-31,2023-09-01,1,down,flat,0.20689225147560886,0.502269338141226,0.29083841038316516,0.29083841038316516,-0.21143092775806083,False,False
"Tesla, Inc.",2023-09-01,2023-09-05,1,flat,flat,0.3497145875577292,0.44792121296925486,0.20236419947301587,0.3497145875577292,-0.09820662541152564,False,True
"Tesla, Inc.",2023-09-05,2023-09-06,1,flat,flat,0.3319437189574205,0.4138295585458992,0.25422672249668044,0.3319437189574205,-0.08188583958847873,False,True
"Tesla, Inc.",2023-09-06,2023-09-07,1,flat,flat,0.30101932940710585,0.46721028703821527,0.231770383554679,0.30101932940710585,-0.16619095763110941,False,True
"Tesla, Inc.",2023-09-07,2023-09-08,1,flat,flat,0.26598784023220723,0.5527534461757887,0.18125871359200413,0.26598784023220723,-0.28676560594358147,False,True
"Tesla, Inc.",2023-09-08,2023-09-11,1,up,flat,0.26270171792876407,0.4779223254452777,0.25937595662595825,0.26270171792876407,-0.21522060751651362,False,False
"Tesla, Inc.",2023-09-11,2023-09-12,1,flat,flat,0.22132570762818551,0.4141489866639425,0.36452530570787195,0.36452530570787195,-0.04962368095607056,False,True
"Tesla, Inc.",2023-09-12,2023-09-13,1,flat,flat,0.3336318554733796,0.4686130798532385,0.19775506467338178,0.3336318554733796,-0.13498122437985893,False,True
"Tesla, Inc.",2023-09-13,2023-09-14,1,flat,flat,0.332915729968395,0.46157914373475806,0.2055051262968468,0.332915729968395,-0.12866341376636303,False,True
"Tesla, Inc.",2023-09-14,2023-09-15,1,flat,flat,0.32096063638067973,0.4341575070940643,0.24488185652525593,0.32096063638067973,-0.11319687071338458,False,True
"Tesla, Inc.",2023-09-15,2023-09-18,1,down,flat,0.34370874542357754,0.3948597488434201,0.26143150573300244,0.34370874542357754,-0.05115100341984258,False,False
"Tesla, Inc.",2023-09-18,2023-09-19,1,flat,flat,0.34118635655995755,0.47833507200206504,0.18047857143797733,0.34118635655995755,-0.1371487154421075,False,True
"Tesla, Inc.",2023-09-19,2023-09-20,1,flat,flat,0.29074738108337367,0.49243474596895237,0.21681787294767402,0.29074738108337367,-0.2016873648855787,False,True
"Tesla, Inc.",2023-09-20,2023-09-21,1,down,flat,0.3169604876820432,0.42850737662297345,0.25453213569498323,0.3169604876820432,-0.11154688894093023,False,False
"Tesla, Inc.",2023-09-21,2023-09-22,1,down,flat,0.35147712101818973,0.48525776124271536,0.163265117739095,0.35147712101818973,-0.13378064022452563,False,False
"Tesla, Inc.",2023-09-22,2023-09-25,1,down,flat,0.3377469268354918,0.4814986334933402,0.1807544396711681,0.3377469268354918,-0.14375170665784842,False,False
"Tesla, Inc.",2023-09-25,2023-09-26,1,flat,flat,0.3993975474420739,0.46374406867157847,0.13685838388634758,0.3993975474420739,-0.06434652122950457,False,True
"Tesla, Inc.",2023-09-26,2023-09-27,1,flat,down,0.4625915501221856,0.358960562429255,0.17844788744855947,0.4625915501221856,0.10363098769293061,True,False
"Tesla, Inc.",2023-09-27,2023-09-28,1,flat,down,0.44095252216773173,0.39502225648999545,0.16402522134227285,0.44095252216773173,0.04593026567773628,True,False
"Tesla, Inc.",2023-09-28,2023-09-29,1,up,down,0.4428720482793175,0.35947366608500847,0.197654285635674,0.4428720482793175,0.083398382194309,True,False
"Tesla, Inc.",2023-09-29,2023-10-02,1,flat,flat,0.36649792586657215,0.3921307555287546,0.24137131860467317,0.36649792586657215,-0.025632829662182444,False,True
"Tesla, Inc.",2023-10-02,2023-10-03,1,flat,down,0.4417835556129943,0.42369225940361555,0.13452418498339017,0.4417835556129943,0.01809129620937877,True,False
"Tesla, Inc.",2023-10-03,2023-10-04,1,up,down,0.4608272872261283,0.3711567401796144,0.16801597259425727,0.4608272872261283,0.0896705470465139,True,False
"Tesla, Inc.",2023-10-04,2023-10-05,1,flat,flat,0.3470708296590873,0.35457882539302943,0.29835034494788315,0.3470708296590873,-0.007507995733942119,False,True
"Tesla, Inc.",2023-10-05,2023-10-06,1,flat,flat,0.3370718903104327,0.41428899826707166,0.2486391114224955,0.3370718903104327,-0.07721710795663894,False,True
"Tesla, Inc.",2023-10-06,2023-10-09,1,flat,flat,0.33054776768768723,0.46205149819236624,0.2074007341199465,0.33054776768768723,-0.131503730504679,False,True
"Tesla, Inc.",2023-10-09,2023-10-10,1,flat,flat,0.3605619617787097,0.37997050972596713,0.2594675284953233,0.3605619617787097,-0.019408547947257437,False,True
"Tesla, Inc.",2023-10-10,2023-10-11,1,flat,flat,0.30182213602167723,0.37861257609585197,0.31956528788247074,0.31956528788247074,-0.05904728821338123,False,True
"Tesla, Inc.",2023-10-11,2023-10-12,1,flat,down,0.37200951666272436,0.3597738287578093,0.2682166545794663,0.37200951666272436,0.012235687904915082,True,False
"Tesla, Inc.",2023-10-12,2023-10-13,1,down,flat,0.3444966930894764,0.44737807809085706,0.20812522881966664,0.3444966930894764,-0.10288138500138067,False,False
"Tesla, Inc.",2023-10-13,2023-10-16,1,flat,flat,0.3451455386896546,0.4722658986691858,0.18258856264115972,0.3451455386896546,-0.1271203599795312,False,True
"Tesla, Inc.",2023-10-16,2023-10-17,1,flat,flat,0.34633871582258424,0.44613723955646123,0.20752404462095447,0.34633871582258424,-0.09979852373387699,False,True
"Tesla, Inc.",2023-10-17,2023-10-18,1,flat,down,0.40029157926526565,0.3642072890831175,0.23550113165161693,0.40029157926526565,0.03608429018214815,True,False
"Tesla, Inc.",2023-10-18,2023-10-19,1,down,flat,0.3839060212733263,0.4361230739240205,0.17997090480265326,0.3839060212733263,-0.05221705265069421,False,False
"Tesla, Inc.",2023-10-19,2023-10-20,1,down,down,0.5080182580425865,0.33981835194418764,0.15216339001322568,0.5080182580425865,0.16819990609839885,True,True
"Tesla, Inc.",2023-10-20,2023-10-23,1,flat,down,0.38436472115408193,0.37453654245569223,0.24109873639022572,0.38436472115408193,0.0098281786983897,True,False
"Tesla, Inc.",2023-10-23,2023-10-24,1,up,down,0.3968292761840148,0.33021609833281107,0.27295462548317395,0.3968292761840148,0.06661317785120374,True,False
"Tesla, Inc.",2023-10-24,2023-10-25,1,flat,flat,0.3178310498382223,0.42781401008474684,0.25435494007703086,0.3178310498382223,-0.10998296024652454,False,True
"Tesla, Inc.",2023-10-25,2023-10-26,1,down,flat,0.39150912400014654,0.45579924500494423,0.15269163099490915,0.39150912400014654,-0.0642901210047977,False,False
"Tesla, Inc.",2023-10-26,2023-10-27,1,flat,down,0.4664410460124947,0.3873352670495961,0.146223686937909,0.4664410460124947,0.07910577896289861,True,False
"Tesla, Inc.",2023-10-27,2023-10-30,1,down,down,0.45623131983296206,0.3764637520135452,0.1673049281534928,0.45623131983296206,0.07976756781941685,True,True
"Tesla, Inc.",2023-10-30,2023-10-31,1,flat,down,0.5383218735372914,0.28708209367555165,0.17459603278715696,0.5383218735372914,0.2512397798617398,True,False
"Tesla, Inc.",2023-10-31,2023-11-01,1,flat,flat,0.3910673944959422,0.3989609545785755,0.20997165092548226,0.3910673944959422,-0.00789356008263331,False,True
"Tesla, Inc.",2023-11-01,2023-11-02,1,up,flat,0.19539932042864167,0.4500004549910424,0.3546002245803159,0.3546002245803159,-0.09540023041072648,False,False
"Tesla, Inc.",2023-11-02,2023-11-03,1,flat,flat,0.10656699216570238,0.5249208077850035,0.3685122000492939,0.3685122000492939,-0.15640860773570958,False,True
"Tesla, Inc.",2023-11-03,2023-11-06,1,flat,flat,0.1649925258203157,0.5281478857397606,0.3068595884399236,0.3068595884399236,-0.22128829729983696,False,True
"Tesla, Inc.",2023-11-06,2023-11-07,1,flat,flat,0.26862283672118253,0.5119652148604822,0.21941194841833525,0.26862283672118253,-0.24334237813929965,False,True
"Tesla, Inc.",2023-11-07,2023-11-08,1,flat,flat,0.29316925230800295,0.4830050228933439,0.22382572479865326,0.29316925230800295,-0.18983577058534096,False,True
"Tesla, Inc.",2023-11-08,2023-11-09,1,down,flat,0.24277981652275082,0.480734472460989,0.27648571101626007,0.27648571101626007,-0.20424876144472892,False,False
"Tesla, Inc.",2023-11-09,2023-11-10,1,flat,flat,0.3564104949196174,0.3980495737968188,0.24553993128356366,0.3564104949196174,-0.04163907887720142,False,True
"Tesla, Inc.",2023-11-10,2023-11-13,1,up,flat,0.2218623859924637,0.5041104574555986,0.27402715655193766,0.27402715655193766,-0.23008330090366091,False,False
"Tesla, Inc.",2023-11-13,2023-11-14,1,up,flat,0.09805396459693985,0.49877680951165276,0.40316922589140736,0.40316922589140736,-0.0956075836202454,False,False
"Tesla, Inc.",2023-11-14,2023-11-15,1,flat,flat,0.07218382656652637,0.4917426743134552,0.4360734991200186,0.4360734991200186,-0.055669175193436615,False,True
"Tesla, Inc.",2023-11-15,2023-11-16,1,flat,flat,0.14458032858106262,0.5552313633661295,0.30018830805280794,0.30018830805280794,-0.2550430553133216,False,True
"Tesla, Inc.",2023-11-16,2023-11-17,1,flat,flat,0.25815465725536196,0.5795914081305117,0.1622539346141265,0.25815465725536196,-0.3214367508751497,False,True
"Tesla, Inc.",2023-11-17,2023-11-20,1,flat,flat,0.3194368032723042,0.47288286672943375,0.20768032999826183,0.3194368032723042,-0.15344606345712952,False,True
"Tesla, Inc.",2023-11-20,2023-11-21,1,flat,flat,0.2261482537813136,0.4710687303047439,0.30278301591394263,0.30278301591394263,-0.16828571439080126,False,True
"Tesla, Inc.",2023-11-21,2023-11-22,1,flat,flat,0.16973570654214415,0.5046977492993638,0.32556654415849196,0.32556654415849196,-0.17913120514087189,False,True
"Tesla, Inc.",2023-11-22,2023-11-24,1,flat,flat,0.19384024620798904,0.5542283477195065,0.2519314060725045,0.2519314060725045,-0.30229694164700194,False,True
"Tesla, Inc.",2023-11-24,2023-11-27,1,flat,flat,0.16237663278114614,0.6255600902482479,0.2120632769706059,0.2120632769706059,-0.413496813277642,False,True
"Tesla, Inc.",2023-11-27,2023-11-28,1,flat,flat,0.28908264250706694,0.43920445102424877,0.2717129064686843,0.28908264250706694,-0.15012180851718182,False,True
"Tesla, Inc.",2023-11-28,2023-11-29,1,flat,flat,0.3031928224980548,0.41266677925098905,0.2841403982509561,0.3031928224980548,-0.10947395675293425,False,True
"Tesla, Inc.",2023-11-29,2023-11-30,1,flat,flat,0.25742255632187244,0.5038206246847755,0.2387568189933519,0.25742255632187244,-0.24639806836290307,False,True
"Tesla, Inc.",2023-11-30,2023-12-01,1,down,flat,0.3307970150981838,0.5023307532588523,0.16687223164296366,0.3307970150981838,-0.17153373816066853,False,False
"Tesla, Inc.",2023-12-01,2023-12-04,1,flat,flat,0.33404503782103345,0.4999537301354975,0.16600123204346912,0.33404503782103345,-0.16590869231446403,False,True
"Tesla, Inc.",2023-12-04,2023-12-05,1,flat,flat,0.3363356322501798,0.4549877101621323,0.20867665758768789,0.3363356322501798,-0.11865207791195248,False,True
"Tesla, Inc.",2023-12-05,2023-12-06,1,flat,flat,0.30774316673895585,0.4237182229302026,0.2685386103308415,0.30774316673895585,-0.11597505619124676,False,True
"Tesla, Inc.",2023-12-06,2023-12-07,1,flat,flat,0.2525716430734486,0.50886775534175,0.23856060158480144,0.2525716430734486,-0.2562961122683014,False,True
"Tesla, Inc.",2023-12-07,2023-12-08,1,flat,flat,0.311913761862449,0.5110015724007322,0.17708466573681875,0.311913761862449,-0.19908781053828317,False,True
"Tesla, Inc.",2023-12-08,2023-12-11,1,flat,down,0.3867682597257653,0.3826845198311545,0.2305472204430804,0.3867682597257653,0.004083739894610805,True,False
"Tesla, Inc.",2023-12-11,2023-12-12,1,flat,flat,0.35753840521827673,0.4580939776699694,0.18436761711175387,0.35753840521827673,-0.10055557245169267,False,True
"Tesla, Inc.",2023-12-12,2023-12-13,1,flat,flat,0.33328033639733895,0.5018724166529257,0.16484724694973535,0.33328033639733895,-0.16859208025558675,False,True
"Tesla, Inc.",2023-12-13,2023-12-14,1,up,flat,0.3082704162747198,0.448090212693237,0.24363937103204306,0.3082704162747198,-0.13981979641851722,False,False
"Tesla, Inc.",2023-12-14,2023-12-15,1,flat,flat,0.19639934486785798,0.4478481803675871,0.35575247476455485,0.35575247476455485,-0.09209570560303226,False,True
"Tesla, Inc.",2023-12-15,2023-12-18,1,flat,flat,0.285031395148826,0.46771919953617935,0.24724940531499454,0.285031395148826,-0.18268780438735338,False,True
"Tesla, Inc.",2023-12-18,2023-12-19,1,flat,flat,0.30881090723584137,0.4492507929757351,0.24193829978842343,0.30881090723584137,-0.14043988573989374,False,True
"Tesla, Inc.",2023-12-19,2023-12-20,1,flat,flat,0.328938870146376,0.4292246486526866,0.24183648120093731,0.328938870146376,-0.1002857785063106,False,True
"Tesla, Inc.",2023-12-20,2023-12-21,1,flat,flat,0.37627381525220605,0.4256858527094886,0.19804033203830523,0.37627381525220605,-0.049412037457282565,False,True
"Tesla, Inc.",2023-12-21,2023-12-22,1,flat,flat,0.3418832595876554,0.41419857862797327,0.2439181617843712,0.3418832595876554,-0.07231531904031785,False,True
"Tesla, Inc.",2023-12-22,2023-12-26,1,flat,flat,0.27944104075359777,0.42653578271457065,0.2940231765318317,0.2940231765318317,-0.13251260618273897,False,True
"Tesla, Inc.",2023-12-26,2023-12-27,1,flat,flat,0.26514796064691903,0.4899010695580364,0.24495096979504458,0.26514796064691903,-0.22475310891111738,False,True
"Tesla, Inc.",2023-12-27,2023-12-28,1,flat,flat,0.28257342958116016,0.40456005215804847,0.3128665182607915,0.3128665182607915,-0.09169353389725698,False,True
"Tesla, Inc.",2023-12-28,2023-12-29,1,down,flat,0.3516432402291809,0.4406599308275596,0.20769682894325953,0.3516432402291809,-0.08901669059837869,False,False
"Tesla, Inc.",2023-12-29,2024-01-02,1,flat,down,0.4327354533342113,0.4127508012401354,0.15451374542565327,0.4327354533342113,0.019984652094075905,True,False
"Tesla, Inc.",2024-01-02,2024-01-03,1,down,flat,0.35490002339879234,0.43104839880800405,0.21405157779320358,0.35490002339879234,-0.07614837540921171,False,False
"Tesla, Inc.",2024-01-03,2024-01-04,1,flat,flat,0.4014804611432804,0.4041039244054376,0.1944156144512818,0.4014804611432804,-0.0026234632621571774,False,True
"Tesla, Inc.",2024-01-04,2024-01-05,1,flat,flat,0.3240278208646039,0.46959596953537025,0.20637620960002573,0.3240278208646039,-0.14556814867076634,False,True
"Tesla, Inc.",2024-01-05,2024-01-08,1,flat,flat,0.3378481193623186,0.4469162316430869,0.21523564899459435,0.3378481193623186,-0.10906811228076829,False,True
"Tesla, Inc.",2024-01-08,2024-01-09,1,flat,down,0.42742751156866254,0.35687377258161124,0.21569871584972639,0.42742751156866254,0.0705537389870513,True,False
"Tesla, Inc.",2024-01-09,2024-01-10,1,flat,flat,0.3983564831259525,0.4014478929101507,0.20019562396389678,0.3983564831259525,-0.003091409784198196,False,True
"Tesla, Inc.",2024-01-10,2024-01-11,1,down,down,0.42914533940124694,0.3966905844420149,0.17416407615673818,0.42914533940124694,0.03245475495923206,True,True
"Tesla, Inc.",2024-01-11,2024-01-12,1,down,down,0.4590993008093759,0.3521844473593001,0.18871625183132398,0.4590993008093759,0.10691485345007579,True,True
"Tesla, Inc.",2024-01-12,2024-01-16,1,flat,down,0.4956576947826835,0.27263365192329364,0.2317086532940229,0.4956576947826835,0.22302404285938987,True,False
"Tesla, Inc.",2024-01-16,2024-01-17,1,flat,down,0.41494541108251504,0.33599321073961896,0.24906137817786606,0.41494541108251504,0.07895220034289607,True,False
"Tesla, Inc.",2024-01-17,2024-01-18,1,flat,down,0.4141508909529851,0.3411219118095998,0.24472719723741532,0.4141508909529851,0.0730289791433853,True,False
"Tesla, Inc.",2024-01-18,2024-01-19,1,flat,down,0.38000952441307556,0.3504541716860556,0.2695363039008687,0.38000952441307556,0.02955535272701998,True,False
"Tesla, Inc.",2024-01-19,2024-01-22,1,flat,down,0.4175253564562237,0.3353514989614284,0.24712314458234785,0.4175253564562237,0.08217385749479528,True,False
"Tesla, Inc.",2024-01-22,2024-01-23,1,flat,down,0.4380627948524657,0.3130614143088668,0.24887579083866757,0.4380627948524657,0.12500138054359888,True,False
"Tesla, Inc.",2024-01-23,2024-01-24,1,flat,down,0.4325041817509297,0.3375897872845665,0.2299060309645038,0.4325041817509297,0.09491439446636318,True,False
"Tesla, Inc.",2024-01-24,2024-01-25,1,down,down,0.4391368746079747,0.3109054168076102,0.2499577085844151,0.4391368746079747,0.1282314578003645,True,True
"Tesla, Inc.",2024-01-25,2024-01-26,1,flat,down,0.5635917083065215,0.267067680487613,0.16934061120586555,0.5635917083065215,0.2965240278189085,True,False
"Tesla, Inc.",2024-01-26,2024-01-29,1,flat,flat,0.2801333338025295,0.3817989193188369,0.3380677468786334,0.3380677468786334,-0.043731172440203525,False,True
"Tesla, Inc.",2024-01-29,2024-01-30,1,flat,flat,0.26757148869470637,0.4000827700117384,0.33234574129355526,0.33234574129355526,-0.06773702871818316,False,True
"Tesla, Inc.",2024-01-30,2024-01-31,1,down,flat,0.2012218461459695,0.5054977772430512,0.29328037661097917,0.29328037661097917,-0.21221740063207206,False,False
"Tesla, Inc.",2024-01-31,2024-02-01,1,flat,flat,0.3128719851669861,0.4538337588862188,0.23329425594679487,0.3128719851669861,-0.14096177371923269,False,True
"Tesla, Inc.",2024-02-01,2024-02-02,1,flat,flat,0.33576613188187465,0.46401339279719017,0.200220475320935,0.33576613188187465,-0.12824726091531552,False,True
"Tesla, Inc.",2024-02-02,2024-02-05,1,down,down,0.41482491773678054,0.3668136625735051,0.2183614196897144,0.41482491773678054,0.048011255163275424,True,True
"Tesla, Inc.",2024-02-05,2024-02-06,1,flat,down,0.46591020341406053,0.29682389973325396,0.2372658968526855,0.46591020341406053,0.16908630368080657,True,False
"Tesla, Inc.",2024-02-06,2024-02-07,1,up,flat,0.2900965693399668,0.41644938599557035,0.2934540446644627,0.2934540446644627,-0.12299534133110768,False,False
"Tesla, Inc.",2024-02-07,2024-02-08,1,flat,flat,0.13796522457861818,0.5714167315832792,0.2906180438381024,0.2906180438381024,-0.2807986877451768,False,True
"Tesla, Inc.",2024-02-08,2024-02-09,1,flat,flat,0.19730103367170704,0.5667202888040924,0.2359786775242005,0.2359786775242005,-0.33074161127989193,False,True
"Tesla, Inc.",2024-02-09,2024-02-12,1,flat,flat,0.1916136078514309,0.5542463535642727,0.25414003858429657,0.25414003858429657,-0.3001063149799761,False,True
"Tesla, Inc.",2024-02-12,2024-02-13,1,down,flat,0.33043521437282175,0.4767103925759203,0.19285439305125784,0.33043521437282175,-0.14627517820309854,False,False
"Tesla, Inc.",2024-02-13,2024-02-14,1,flat,flat,0.38336989433841995,0.4531744703460261,0.16345563531555385,0.38336989433841995,-0.06980457600760615,False,True
"Tesla, Inc.",2024-02-14,2024-02-15,1,up,flat,0.2179951618205861,0.5067811924650092,0.2752236457144046,0.2752236457144046,-0.23155754675060458,False,False
"Tesla, Inc.",2024-02-15,2024-02-16,1,up,flat,0.10708815330438409,0.4561809609792856,0.43673088571633023,0.43673088571633023,-0.01945007526295539,False,False
"Tesla, Inc.",2024-02-16,2024-02-20,1,down,flat,0.12141237023452447,0.5861313060022886,0.292456323763187,0.292456323763187,-0.2936749822391016,False,False
"Tesla, Inc.",2024-02-20,2024-02-21,1,flat,flat,0.3135745848596768,0.4972562755317448,0.18916913960857823,0.3135745848596768,-0.18368169067206797,False,True
"Tesla, Inc.",2024-02-21,2024-02-22,1,flat,flat,0.24041114101940964,0.49231723759813867,0.2672716213824517,0.2672716213824517,-0.22504561621568697,False,True
"Tesla, Inc.",2024-02-22,2024-02-23,1,flat,flat,0.25312028321311913,0.507776106533546,0.23910361025333465,0.25312028321311913,-0.25465582332042686,False,True
"Tesla, Inc.",2024-02-23,2024-02-26,1,flat,flat,0.3042829073294098,0.5082463993740093,0.18747069329658073,0.3042829073294098,-0.20396349204459946,False,True
"Tesla, Inc.",2024-02-26,2024-02-27,1,up,flat,0.19020473418122524,0.5128346913068094,0.2969605745119652,0.2969605745119652,-0.21587411679484414,False,False
"Tesla, Inc.",2024-02-27,2024-02-28,1,flat,flat,0.12264788761599443,0.5715357636066661,0.30581634877733943,0.30581634877733943,-0.2657194148293267,False,True
"Tesla, Inc.",2024-02-28,2024-02-29,1,flat,flat,0.2691835425958975,0.4962361933718123,0.23458026403229013,0.2691835425958975,-0.2270526507759148,False,True
"Tesla, Inc.",2024-02-29,2024-03-01,1,flat,flat,0.23005353417959445,0.497198953466556,0.2727475123538493,0.2727475123538493,-0.2244514411127067,False,True
"Tesla, Inc.",2024-03-01,2024-03-04,1,down,flat,0.30551241252723305,0.4880882476661499,0.20639933980661704,0.30551241252723305,-0.18257583513891684,False,False
"Tesla, Inc.",2024-03-04,2024-03-05,1,down,down,0.43232960673559495,0.38857136406997056,0.17909902919443443,0.43232960673559495,0.04375824266562439,True,True
"Tesla, Inc.",2024-03-05,2024-03-06,1,flat,flat,0.3710849821677971,0.45155422139066287,0.17736079644154007,0.3710849821677971,-0.08046923922286575,False,True
"Tesla, Inc.",2024-03-06,2024-03-07,1,flat,flat,0.2901669349101261,0.49414177380206253,0.2156912912878114,0.2901669349101261,-0.20397483889193646,False,True
"Tesla, Inc.",2024-03-07,2024-03-08,1,flat,flat,0.25406957906834,0.5256397093554673,0.22029071157619265,0.25406957906834,-0.27157013028712734,False,True
"Tesla, Inc.",2024-03-08,2024-03-11,1,flat,flat,0.19741137763363734,0.558291524927115,0.24429709743924752,0.24429709743924752,-0.31399442748786743,False,True
"Tesla, Inc.",2024-03-11,2024-03-12,1,flat,flat,0.2907607774890445,0.5258292338665636,0.1834099886443919,0.2907607774890445,-0.23506845637751905,False,True
"Tesla, Inc.",2024-03-12,2024-03-13,1,down,flat,0.341257192078946,0.49718039820811777,0.16156240971293623,0.341257192078946,-0.15592320612917177,False,False
"Tesla, Inc.",2024-03-13,2024-03-14,1,down,down,0.471164146328559,0.3635209703191477,0.16531488335229333,0.471164146328559,0.10764317600941131,True,True
"Tesla, Inc.",2024-03-14,2024-03-15,1,flat,down,0.43544010967486535,0.31283004915315793,0.2517298411719767,0.43544010967486535,0.12261006052170742,True,False
"Tesla, Inc.",2024-03-15,2024-03-18,1,up,flat,0.3146885058867425,0.4474135353458272,0.2378979587674302,0.3146885058867425,-0.13272502945908465,False,False
"Tesla, Inc.",2024-03-18,2024-03-19,1,flat,flat,0.16667526199142566,0.5146674340480525,0.3186573039605218,0.3186573039605218,-0.1960101300875307,False,True
"Tesla, Inc.",2024-03-19,2024-03-20,1,flat,flat,0.2701227860503969,0.5018267970946032,0.22805041685499972,0.2701227860503969,-0.2317040110442063,False,True
"Tesla, Inc.",2024-03-20,2024-03-21,1,flat,flat,0.20038724162281513,0.5654612823237085,0.23415147605347642,0.23415147605347642,-0.3313098062702321,False,True
"Tesla, Inc.",2024-03-21,2024-03-22,1,down,flat,0.29621383556300185,0.44924349624639603,0.2545426681906021,0.29621383556300185,-0.1530296606833942,False,False
"Tesla, Inc.",2024-03-22,2024-03-25,1,flat,down,0.44233411290169244,0.4160277083386472,0.14163817875966017,0.44233411290169244,0.026306404563045227,True,False
"Tesla, Inc.",2024-03-25,2024-03-26,1,up,flat,0.22505985886619748,0.4908023445713779,0.2841377965624246,0.2841377965624246,-0.20666454800895329,False,False
"Tesla, Inc.",2024-03-26,2024-03-27,1,flat,up,0.1295671807730314,0.40255331025314395,0.4678795089738247,0.4678795089738247,0.06532619872068074,True,False
"Tesla, Inc.",2024-03-27,2024-03-28,1,flat,flat,0.2219364428449381,0.5297391262725047,0.24832443088255704,0.24832443088255704,-0.2814146953899477,False,True
"Tesla, Inc.",2024-03-28,2024-04-01,1,flat,flat,0.26122223520951765,0.5192221924842694,0.2195555723062128,0.26122223520951765,-0.2579999572747517,False,True
"Tesla, Inc.",2024-04-01,2024-04-02,1,down,flat,0.29699720325419643,0.5004887294955542,0.2025140672502492,0.29699720325419643,-0.2034915262413578,False,False
"Tesla, Inc.",2024-04-02,2024-04-03,1,flat,down,0.41864214639313846,0.3932412332147706,0.188116620392091,0.41864214639313846,0.025400913178367845,True,False
"Tesla, Inc.",2024-04-03,2024-04-04,1,up,flat,0.20556790472998537,0.4908670940105038,0.3035650012595107,0.3035650012595107,-0.18730209275099313,False,False
"Tesla, Inc.",2024-04-04,2024-04-05,1,down,flat,0.18154358594891074,0.43167185993004553,0.3867845541210436,0.3867845541210436,-0.04488730580900191,False,False
"Tesla, Inc.",2024-04-05,2024-04-08,1,up,flat,0.3535275301162817,0.42130967256171803,0.22516279732200029,0.3535275301162817,-0.06778214244543634,False,False
"Tesla, Inc.",2024-04-08,2024-04-09,1,flat,flat,0.14003964743339958,0.5618586736592841,0.2981016789073162,0.2981016789073162,-0.2637569947519679,False,True
"Tesla, Inc.",2024-04-09,2024-04-10,1,flat,flat,0.2066426508636804,0.5229156321487327,0.2704417169875869,0.2704417169875869,-0.2524739151611458,False,True
"Tesla, Inc.",2024-04-10,2024-04-11,1,flat,flat,0.3397702849544096,0.5128973473398342,0.14733236770575617,0.3397702849544096,-0.17312706238542458,False,True
"Tesla, Inc.",2024-04-11,2024-04-12,1,flat,flat,0.2712546131747608,0.46130498447977586,0.2674404023454633,0.2712546131747608,-0.19005037130501506,False,True
"Tesla, Inc.",2024-04-12,2024-04-15,1,down,flat,0.263365288639929,0.5599544242994737,0.17668028706059719,0.263365288639929,-0.29658913565954476,False,False
"Tesla, Inc.",2024-04-15,2024-04-16,1,down,flat,0.36124282014924003,0.435654006906664,0.20310317294409597,0.36124282014924003,-0.07441118675742397,False,False
"Tesla, Inc.",2024-04-16,2024-04-17,1,flat,flat,0.338766524730704,0.47500327787061913,0.1862301973986767,0.338766524730704,-0.13623675313991512,False,True
"Tesla, Inc.",2024-04-17,2024-04-18,1,down,flat,0.22871792026877058,0.5205588028574059,0.2507232768738234,0.2507232768738234,-0.26983552598358246,False,False
"Tesla, Inc.",2024-04-18,2024-04-19,1,flat,flat,0.3526200541932459,0.44731945030308184,0.2000604955036723,0.3526200541932459,-0.09469939610983596,False,True
"Tesla, Inc.",2024-04-19,2024-04-22,1,down,flat,0.2915999631795037,0.46620841167780575,0.24219162514269038,0.2915999631795037,-0.17460844849830204,False,False
"Tesla, Inc.",2024-04-22,2024-04-23,1,flat,down,0.41772761151854076,0.3825338999394702,0.19973848854198906,0.41772761151854076,0.035193711579070586,True,False
"Tesla, Inc.",2024-04-23,2024-04-24,1,up,flat,0.2966128396550513,0.4046408870221412,0.29874627332280757,0.29874627332280757,-0.10589461369933362,False,False
"Tesla, Inc.",2024-04-24,2024-04-25,1,flat,up,0.05590353557072427,0.34269003147960514,0.6014064329496706,0.6014064329496706,0.2587164014700654,True,False
"Tesla, Inc.",2024-04-25,2024-04-26,1,flat,flat,0.2786032305918841,0.5015484627557614,0.21984830665235452,0.2786032305918841,-0.2229452321638773,False,True
"Tesla, Inc.",2024-04-26,2024-04-29,1,up,flat,0.1883334494171082,0.5060614006328126,0.30560514995007926,0.30560514995007926,-0.20045625068273332,False,False
"Tesla, Inc.",2024-04-29,2024-04-30,1,down,up,0.0835004057633734,0.22241686685658374,0.6940827273800427,0.6940827273800427,0.471665860523459,True,False
"Tesla, Inc.",2024-04-30,2024-05-01,1,flat,down,0.3913820669855241,0.36901956865421437,0.23959836436026155,0.3913820669855241,0.02236249833130971,True,False
"Tesla, Inc.",2024-05-01,2024-05-02,1,flat,flat,0.28758512986108387,0.4919133566034998,0.22050151353541647,0.28758512986108387,-0.2043282267424159,False,True
"Tesla, Inc.",2024-05-02,2024-05-03,1,flat,flat,0.21659736637671956,0.5166582145701824,0.2667444190530982,0.2667444190530982,-0.24991379551708415,False,True
"Tesla, Inc.",2024-05-03,2024-05-06,1,flat,flat,0.18441125621445448,0.5353559046630172,0.2802328391225284,0.2802328391225284,-0.2551230655404888,False,True
"Tesla, Inc.",2024-05-06,2024-05-07,1,flat,flat,0.13479726815777113,0.5487013499836353,0.31650138185859367,0.31650138185859367,-0.23219996812504162,False,True
"Tesla, Inc.",2024-05-07,2024-05-08,1,down,flat,0.25995185323018277,0.5833501441213425,0.1566980026484748,0.25995185323018277,-0.3233982908911597,False,False
"Tesla, Inc.",2024-05-08,2024-05-09,1,flat,flat,0.308122860151659,0.520875887503518,0.17100125234482294,0.308122860151659,-0.21275302735185897,False,True
"Tesla, Inc.",2024-05-09,2024-05-10,1,flat,flat,0.2367008585722956,0.5256538283176243,0.23764531311008003,0.23764531311008003,-0.2880085152075443,False,True
"Tesla, Inc.",2024-05-10,2024-05-13,1,flat,flat,0.33646053392746755,0.4991271979505826,0.16441226812194976,0.33646053392746755,-0.16266666402311503,False,True
"Tesla, Inc.",2024-05-13,2024-05-14,1,flat,flat,0.24432533630514552,0.5571359154065099,0.19853874828834467,0.24432533630514552,-0.31281057910136434,False,True
"Tesla, Inc.",2024-05-14,2024-05-15,1,flat,flat,0.188409406173993,0.5055543887708074,0.3060362050551997,0.3060362050551997,-0.1995181837156077,False,True
"Tesla, Inc.",2024-05-15,2024-05-16,1,flat,flat,0.30028384828729965,0.48957246049545144,0.21014369121724874,0.30028384828729965,-0.1892886122081518,False,True
"Tesla, Inc.",2024-05-16,2024-05-17,1,flat,flat,0.3879113460735739,0.4671667663320511,0.14492188759437488,0.3879113460735739,-0.0792554202584772,False,True
"Tesla, Inc.",2024-05-17,2024-05-20,1,flat,flat,0.26345179505391647,0.4764209829289884,0.2601272220170952,0.26345179505391647,-0.2129691878750719,False,True
"Tesla, Inc.",2024-05-20,2024-05-21,1,up,flat,0.2900070664858466,0.49584452651808736,0.21414840699606608,0.2900070664858466,-0.20583746003224074,False,False
"Tesla, Inc.",2024-05-21,2024-05-22,1,flat,up,0.14083721310745256,0.3806145766745001,0.4785482102180473,0.4785482102180473,0.09793363354354717,True,False
"Tesla, Inc.",2024-05-22,2024-05-23,1,down,flat,0.24511436877095508,0.4498679873817413,0.3050176438473037,0.3050176438473037,-0.1448503435344376,False,False
"Tesla, Inc.",2024-05-23,2024-05-24,1,flat,flat,0.33293736427172627,0.47956433453577185,0.18749830119250177,0.33293736427172627,-0.1466269702640456,False,True
"Tesla, Inc.",2024-05-24,2024-05-28,1,flat,flat,0.2821607034415252,0.48832685125460695,0.22951244530386777,0.2821607034415252,-0.20616614781308173,False,True
"Tesla, Inc.",2024-05-28,2024-05-29,1,flat,flat,0.33005000043617105,0.39608647932918506,0.2738635202346439,0.33005000043617105,-0.066036478893014,False,True
"Tesla, Inc.",2024-05-29,2024-05-30,1,flat,flat,0.2963463590384478,0.41917103124649746,0.2844826097150546,0.2963463590384478,-0.12282467220804966,False,True
"Tesla, Inc.",2024-05-30,2024-05-31,1,flat,up,0.21559495288225858,0.3595027240136402,0.42490232310410114,0.42490232310410114,0.06539959909046095,True,False
"Tesla, Inc.",2024-05-31,2024-06-03,1,flat,flat,0.3032465989375365,0.4395781068438221,0.2571752942186413,0.3032465989375365,-0.13633150790628557,False,True
"Tesla, Inc.",2024-06-03,2024-06-04,1,flat,flat,0.30018162850671837,0.3715497857953691,0.3282685856979124,0.3282685856979124,-0.04328120009745673,False,True
"Tesla, Inc.",2024-06-04,2024-06-05,1,flat,flat,0.3440507185765772,0.4242601195835878,0.231689161839835,0.3440507185765772,-0.08020940100701057,False,True
"Tesla, Inc.",2024-06-05,2024-06-06,1,flat,flat,0.3109647688591469,0.4287124765086565,0.26032275463219634,0.3109647688591469,-0.11774770764950959,False,True
"Tesla, Inc.",2024-06-06,2024-06-07,1,flat,flat,0.29699947710462765,0.38554556197633383,0.3174549609190385,0.3174549609190385,-0.06809060105729531,False,True
"Tesla, Inc.",2024-06-07,2024-06-10,1,flat,flat,0.30106642152285656,0.42711426517128187,0.27181931330586157,0.30106642152285656,-0.1260478436484253,False,True
"Tesla, Inc.",2024-06-10,2024-06-11,1,down,flat,0.23984523856574747,0.521649934058711,0.2385048273755415,0.23984523856574747,-0.2818046954929635,False,False
"Tesla, Inc.",2024-06-11,2024-06-12,1,flat,flat,0.38545046564572827,0.4361003147431384,0.1784492196111335,0.38545046564572827,-0.050649849097410105,False,True
"Tesla, Inc.",2024-06-12,2024-06-13,1,up,flat,0.2686183632592446,0.4223580549774344,0.3090235817633209,0.3090235817633209,-0.1133344732141135,False,False
"Tesla, Inc.",2024-06-13,2024-06-14,1,down,up,0.09479901064785273,0.40399462585477935,0.501206363497368,0.501206363497368,0.09721173764258867,True,False
"Tesla, Inc.",2024-06-14,2024-06-15,1,flat,flat,0.3170974474533962,0.502088210794503,0.18081434175210065,0.3170974474533962,-0.18499076334110687,False,True
